[Event-to-counter mappings]
pmc0=instr_retired_fixed(0),instr(1)
pmc1=unhalted_core_cycles_fixed(0),cycles(1)
pmc2=unhalted_ref_cycles_fixed(0)
pmc3=llc_misses(0),l2_misses(1)
pmc4=branch_instr_retired(0)
[Event counts]
nsample    pid coretype expid      event          pmc0          pmc1          pmc2          pmc3          pmc4
      1  11694        0     0       tick     766823136    1442642793    1451089734     766823136      85371226 
      2  11694        0     1       tick     774499896    1936054444             -             0             - 
      3  11694        0     0       tick    1285305741    1852362917    1861321458    1285305741      84800648 
      4  11694        0     1       tick     964005652    1987493315             -             0             - 
      5  11694        0     0       tick    1110072020    1938345179    1940587782    1110072020      56237478 
      6  11694        0     1       tick    2273494478    2003764286             -             0             - 
      7  11694        0     0       tick    2966674776    2010919320    2010932016    2966674776     427308070 
      8  11694        0     1       tick    2836050485    2010206114             -             0             - 
      9  11694        0     0       tick    2840443343    2009719596    2009752902    2840443343     407664086 
     10  11694        0     1       tick    2957259491    2010326388             -             0             - 
     11  11694        0     0       tick    2190047913    2006733885    2006740968    2190047913     286659954 
     12  11694        0     1       tick     941222381    1972291709             -             0             - 
     13  11694        0     0       tick    1914771459    1986487650    1986473160    1914771459     199372538 
     14  11694        0     1       tick    2928730519    2010125007             -             0             - 
     15  11694        0     0       tick    2810057648    2009334391    2009398248    2810057648     407140575 
     16  11694        0     1       tick    2831681553    2010276386             -             0             - 
     17  11694        0     0       tick    2937314929    2010854872    2010850656    2937314929     426991056 
     18  11694        0     1       tick     894665812    1971818286             -             0             - 
     19  11694        0     0       tick    1370184977    1975461176    1975416804    1370184977      76318835 
     20  11694        0     1       tick    2334421738    2005811953             -             0             - 
     21  11694        0     0       tick    2990604147    2010831753    2010840042    2990604147     432507769 
     22  11694        0     1       tick    2876600604    2010395989             -             0             - 
     23  11694        0     0       tick    2981308992    2010880596    2010886218    2981308992     431680700 
     24  11694        0     1       tick    2983032654    2011065919             -             0             - 
     25  11694        0     0       tick    2887318151    2010230362    2010245850    2887318151     415748004 
     26  11694        0     1       tick    2982761113    2010275325             -             0             - 
     27  11694        0     0       tick    2898935262    2005877196    2009913042    2898935262     417597344 
     28  11694        0     1       tick     744347777    1998494445             -             0             - 
     29  11694        0     0       tick    1430277260    1975773878    1975737000    1430277260      81927305 
     30  11694        0     1       tick    2499923220    2006778169             -             0             - 
     31  11694        0     0       tick    2989734353    2010717923    2010720450    2989734353     435608067 
     32  11694        0     1       tick    2987078290    2010743727             -             0             - 
     33  11694        0     0       tick    2932819773    2010288530    2010294540    2932819773     420229742 
     34  11694        0     1       tick    2986537986    2011079034             -             0             - 
     35  11694        0     0       tick    2985849852    2010910909    2010939600    2985849852     434800408 
     36  11694        0     1       tick    2935215916    2010443744             -             0             - 
     37  11694        0     0       tick    2998579203    2010969771    2010950772    2998579203     435323399 
     38  11694        0     1       tick    2985058818    2010980334             -             0             - 
     39  11694        0     0       tick    2556354933    2008751736    2008769670    2556354933     352675116 
     40  11694        0     1       tick     746093154    1984693307             -             0             - 
     41  11694        0     0       tick    1517450851    1988511410    1988438370    1517450851      84813889 
     42  11694        0     1       tick    2655438727    2006949391             -             0             - 
     43  11694        0     0       tick    3033994313    2010865743    2010861672    3033994313     437092345 
     44  11694        0     1       tick    3043857169    2011012984             -             0             - 
     45  11694        0     0       tick    2999308123    2010768174    2010779250    2999308123     433338184 
     46  11694        0     1       tick    2835068099    1986324049             -             0             - 
     47  11694        0     0       tick    3037679126    2010350841    2010335748    3037679126     437624072 
     48  11694        0     1       tick    3019936932    1995007308             -             0             - 
     49  11694        0     0       tick    2993169025    2010593939    2010599052    2993169025     432397081 
     50  11694        0     1       tick    2856788245    2009317170             -             0             - 
     51  11694        0     0       tick    2997914408    2010108790    2010104376    2997914408     432009090 
     52  11694        0     1       tick    3041717746    2011161818             -             0             - 
     53  11694        0     0       tick    3002305263    2010780853    2010793374    3002305263     433484935 
     54  11694        0     1       tick    1266419059    2003733248             -             0             - 
     55  11694        0     0       tick    1175277431    1956617012    1956526146    1175277431      66623252 
     56  11694        0     1       tick    1560387915    2001095244             -             0             - 
     57  11694        0     0       tick    2982950183    2010835884    2010836268    2982950183     431513476 
     58  11694        0     1       tick    3006550719    2011066985             -             0             - 
     59  11694        0     0       tick    3006714975    2010722926    2010716010    3006714975     434002301 
     60  11694        0     1       tick    2974140526    2011024058             -             0             - 
     61  11694        0     0       tick    2924815980    2010383776    2010412380    2924815980     420375498 
     62  11694        0     1       tick    2984315063    2011007761             -             0             - 
     63  11694        0     0       tick    3002319165    2010966486    2010980820    3002319165     432708976 
     64  11694        0     1       tick    2962088506    2010272898             -             0             - 
     65  11694        0     0       tick    2917086527    2009571562    2009605242    2917086527     419706618 
     66  11694        0     1       tick    2975117537    2010505433             -             0             - 
     67  11694        0     0       tick    3002761175    2010794433    2010795012    3002761175     433080622 
     68  11694        0     1       tick    2993013645    2011030966             -             0             - 
     69  11694        0     0       tick    2743069027    2009752491    2009768466    2743069027     388033081 
     70  11694        0     1       tick     720654771    1998299657             -             0             - 
     71  11694        0     0       tick    1438863947    1975412083    1975385886    1438863947      83088715 
     72  11694        0     1       tick    2103354059    1987106580             -             0             - 
     73  11694        0     0       tick    2982702376    2009923169    2009949546    2982702376     432374872 
     74  11694        0     1       tick    2965876415    1994685675             -             0             - 
     75  11694        0     0       tick    2991672765    2010949877    2010868644    2991672765     432879381 
     76  11694        0     1       tick    2991418611    2011047220             -             0             - 
     77  11694        0     0       tick    2985637848    2010197324    2010222492    2985637848     431084314 
     78  11694        0     1       tick    2951482686    2010192657             -             0             - 
     79  11694        0     0       tick    2980537341    2010484797    2010479382    2980537341     431660653 
     80  11694        0     1       tick    2975147780    2002525535             -             0             - 
     81  11694        0     0       tick    2984102339    2010679630    2010679548    2984102339     431718878 
     82  11694        0     1       tick    2982882226    2011108339             -             0             - 
     83  11694        0     0       tick    2923301291    1991589015    1994300754    2923301291     418387313 
     84  11694        0     1       tick    2990055043    2011028777             -             0             - 
     85  11694        0     0       tick    2958453421    1986388265    1994383896    2958453421     428100143 
     86  11694        0     1       tick    2997415445    2010380098             -             0             - 
     87  11694        0     0       tick    2989839400    2010244744    2010283032    2989839400     432681816 
     88  11694        0     1       tick    3003984444    2010847790             -             0             - 
     89  11694        0     0       tick     869188620    1997526079    1997500440     869188620      50793476 
     90  11694        0     1       tick    1285306058    1975884455             -             0             - 
     91  11694        0     0       tick    1878098691    2002283155    2002289286    1878098691     180874090 
     92  11694        0     1       tick    2972529077    1994872175             -             0             - 
     93  11694        0     0       tick    3016064633    2010872630    2010882762    3016064633     436765109 
     94  11694        0     1       tick    2991389248    2011090703             -             0             - 
     95  11694        0     0       tick    3010450066    2010766024    2010764472    3010450066     436763513 
     96  11694        0     1       tick    2997916319    2011072495             -             0             - 
     97  11694        0     0       tick    2976690226    2010697311    2010718728    2976690226     427192708 
     98  11694        0     1       tick    3010154525    2010929835             -             0             - 
     99  11694        0     0       tick    2957515517    1994235440    1994252742    2957515517     430274264 
    100  11694        0     1       tick    2977889963    2010542693             -             0             - 
    101  11694        0     0       tick    2975705848    1994474834    1994472618    2975705848     431036302 
    102  11694        0     1       tick    2972286573    2010974411             -             0             - 
    103  11694        0     0       tick    2990849869    2010813926    2010825720    2990849869     432328421 
    104  11694        0     1       tick    3000601948    2011029455             -             0             - 
    105  11694        0     0       tick    2964351567    2010305433    2010324810    2964351567     432589124 
    106  11694        0     1       tick    2978076037    2010459109             -             0             - 
    107  11694        0     0       tick    2982351755    2002730317    2002730754    2982351755     432428536 
    108  11694        0     1       tick    1845119990    2006248741             -             0             - 
    109  11694        0     0       tick     947952182    1971985500    1972038636     947952182      45722974 
    110  11694        0     1       tick    1554483087    2002518289             -             0             - 
    111  11694        0     0       tick    2690448092    2006910459    2006834382    2690448092     374924702 
    112  11694        0     1       tick    2999373798    2010600176             -             0             - 
    113  11694        0     0       tick    2950214059    1994585501    1994582520    2950214059     431502526 
    114  11694        0     1       tick    2966139308    2011050415             -             0             - 
    115  11694        0     0       tick    2993580337    2010913081    2010899814    2993580337     433652452 
    116  11694        0     1       tick    2990171906    2011012589             -             0             - 
    117  11694        0     0       tick    2987526565    2010741648    2010652458    2987526565     430652587 
    118  11694        0     1       tick    3004463206    2011160997             -             0             - 
    119  11694        0     0       tick    2958487421    2010111199    2010107880    2958487421     433480410 
    120  11694        0     1       tick    2962256864    2010723854             -             0             - 
    121  11694        0     0       tick    2992990785    2010070935    2010061734    2992990785     433505282 
    122  11694        0     1       tick    2947586716    1994527842             -             0             - 
    123  11694        0     0       tick    2999016517    2010385325    2010398310    2999016517     433688133 
    124  11694        0     1       tick    2990881241    2010448441             -             0             - 
    125  11694        0     0       tick    2951426341    2010605452    2010630480    2951426341     432754730 
    126  11694        0     1       tick    2985297453    2011161727             -             0             - 
    127  11694        0     0       tick    3008053947    2010783150    2010798600    3008053947     435319184 
    128  11694        0     1       tick    2289730486    2008104598             -             0             - 
    129  11694        0     0       tick     772902182    1961431713    1961395920     772902182      32536397 
    130  11694        0     1       tick    1552702706    1993984048             -             0             - 
    131  11694        0     0       tick    1966209861    2002357842    2002190124    1966209861     199713192 
    132  11694        0     1       tick    3003150024    2010993613             -             0             - 
    133  11694        0     0       tick    2999466036    2010808458    2010800046    2999466036     434956815 
    134  11694        0     1       tick    2951344661    2010852272             -             0             - 
    135  11694        0     0       tick    2960062202    2010723217    2010701922    2960062202     434078967 
    136  11694        0     1       tick    3004727947    2010973475             -             0             - 
    137  11694        0     0       tick    3003450290    2010771814    2010750168    3003450290     433855480 
    138  11694        0     1       tick    3002104366    2011000165             -             0             - 
    139  11694        0     0       tick    3005021519    2010760241    2010758526    3005021519     435453082 
    140  11694        0     1       tick    2993084685    2010488024             -             0             - 
    141  11694        0     0       tick    2932890439    2010046305    2010064458    2932890439     430818085 
    142  11694        0     1       tick    2982663805    2010144822             -             0             - 
    143  11694        0     0       tick    3017893779    2010694630    2010699624    3017893779     437178449 
    144  11694        0     1       tick    3019564769    2011019382             -             0             - 
    145  11694        0     0       tick    2986317996    2006238285    2010249582    2986317996     431192951 
    146  11694        0     1       tick    2996126046    2010213919             -             0             - 
    147  11694        0     0       tick    2963957420    2010043005    2010046224    2963957420     433595110 
    148  11694        0     1       tick    2942383332    2010155618             -             0             - 
    149  11694        0     0       tick    2986215613    1992623613    1994647824    2986215613     433115991 
    150  11694        0     1       tick    3017011044    2011139305             -             0             - 
    151  11694        0     0       tick    2092292277    2007143743    2007146310    2092292277     265872793 
    152  11694        0     1       tick     867115845    1972387388             -             0             - 
    153  11694        0     0       tick    1546075777    2001926939    2002009704    1546075777      84844824 
    154  11694        0     1       tick    2104673542    1988185778             -             0             - 
    155  11694        0     0       tick    3004646788    2002634479    2002644822    3004646788     435067553 
    156  11694        0     1       tick    2968002145    2002964739             -             0             - 
    157  11694        0     0       tick    2919209028    2010914429    2010921642    2919209028     428197467 
    158  11694        0     1       tick    2951795689    2011048909             -             0             - 
    159  11694        0     0       tick    3005765985    2010985189    2010982230    3005765985     435395660 
    160  11694        0     1       tick    3002098403    2011153335             -             0             - 
    161  11694        0     0       tick    2995685586    2000585685    2001928944    2995685586     431947577 
    162  11694        0     1       tick    3001279619    2010839948             -             0             - 
    163  11694        0     0       tick    2974193523    2010658649    2010669606    2974193523     435930569 
    164  11694        0     1       tick    2945064921    2010960238             -             0             - 
    165  11694        0     0       tick    3003143080    2010671226    2010672174    3003143080     437683184 
    166  11694        0     1       tick    2997538680    2010535951             -             0             - 
    167  11694        0     0       tick    3028741115    2010801697    2010830316    3028741115     434894038 
    168  11694        0     1       tick    3013328726    2010754308             -             0             - 
    169  11694        0     0       tick    2969784001    1994863985    1994880810    2969784001     431550162 
    170  11694        0     1       tick    2914993072    2010897376             -             0             - 
    171  11694        0     0       tick    2955290624    2010998055    2010911520    2955290624     434045422 
    172  11694        0     1       tick    3014685876    2011200044             -             0             - 
    173  11694        0     0       tick    2982595569    1988770541    1994784366    2982595569     431140636 
    174  11694        0     1       tick    1748684175    2005776520             -             0             - 
    175  11694        0     0       tick     973266858    1948234220    1956124152     973266858      50060200 
    176  11694        0     1       tick    1526681114    1981518268             -             0             - 
    177  11694        0     0       tick    1832547380    1986205912    1986161586    1832547380     173113530 
    178  11694        0     1       tick    3002373673    2010455856             -             0             - 
    179  11694        0     0       tick    3004444635    2010751309    2010746634    3004444635     438030537 
    180  11694        0     1       tick    2907298503    2011110884             -             0             - 
    181  11694        0     0       tick    2969915632    2010855172    2010848700    2969915632     435221118 
    182  11694        0     1       tick    2997715352    2001740243             -             0             - 
    183  11694        0     0       tick    3009644733    2010095713    2010108078    3009644733     435740528 
    184  11694        0     1       tick    3010288950    2010785792             -             0             - 
    185  11694        0     0       tick    2998344495    2010674296    2010676452    2998344495     437005777 
    186  11694        0     1       tick    2897762074    2011006199             -             0             - 
    187  11694        0     0       tick    2929403570    1986218202    1994216994    2929403570     429295034 
    188  11694        0     1       tick    3010233717    2010754688             -             0             - 
    189  11694        0     0       tick    3007801465    2010565341    2010598176    3007801465     435698350 
    190  11694        0     1       tick    3015331699    2010931328             -             0             - 
    191  11694        0     0       tick    3004745819    2010532663    2010554376    3004745819     437347235 
    192  11694        0     1       tick    2909978807    2010946762             -             0             - 
    193  11694        0     0       tick    2944862832    2010298405    2010305202    2944862832     431563152 
    194  11694        0     1       tick    3016382292    2010993437             -             0             - 
    195  11694        0     0       tick    3011507756    2010405074    2010382578    3011507756     436081433 
    196  11694        0     1       tick     809872041    1982692781             -             0             - 
    197  11694        0     0       tick    1277152963    1958260975    1959518808    1277152963      67180395 
    198  11694        0     1       tick    1568406677    2002337925             -             0             - 
    199  11694        0     0       tick    2461288401    2005904474    2005813074    2461288401     320309781 
    200  11694        0     1       tick    3015060820    2010900258             -             0             - 
    201  11694        0     0       tick    2924950177    2010852567    2010876342    2924950177     430104020 
    202  11694        0     1       tick    2902168792    2010308187             -             0             - 
    203  11694        0     0       tick    3011981657    2010751172    2010752262    3011981657     437881692 
    204  11694        0     1       tick    3027965089    2011035330             -             0             - 
    205  11694        0     0       tick    3023951774    2010904017    2010909822    3023951774     438295108 
    206  11694        0     1       tick    2987019502    2010996646             -             0             - 
    207  11694        0     0       tick    2837634236    1990860552    1994864958    2837634236     416829716 
    208  11694        0     1       tick    2936514450    2003071797             -             0             - 
    209  11694        0     0       tick    3012886683    2010668525    2010667650    3012886683     436482318 
    210  11694        0     1       tick    3016780327    2011061230             -             0             - 
    211  11694        0     0       tick    3018663319    2010864774    2010850848    3018663319     437103336 
    212  11694        0     1       tick    2969911961    2010550745             -             0             - 
    213  11694        0     0       tick    2862118464    2000449983    2002502028    2862118464     419890047 
    214  11694        0     1       tick    2936328997    1986645791             -             0             - 
    215  11694        0     0       tick    2998385494    2010585620    2010596526    2998385494     434580597 
    216  11694        0     1       tick    2054668004    2007039655             -             0             - 
    217  11694        0     0       tick     864806868    1971366362    1971350952     864806868      41239058 
    218  11694        0     1       tick    1535009553    1985224393             -             0             - 
    219  11694        0     0       tick    1677747535    2001385647    2001330924    1677747535     133359249 
    220  11694        0     1       tick    3019160242    2011046490             -             0             - 
    221  11694        0     0       tick    2924136871    2002072698    2002027536    2924136871     431037090 
    222  11694        0     1       tick    2830590624    1994789313             -             0             - 
    223  11694        0     0       tick    3012380401    2010880093    2010874038    3012380401     438711485 
    224  11694        0     1       tick    3012871878    2010483272             -             0             - 
    225  11694        0     0       tick    2970627504    1992202820    1994885532    2970627504     432440908 
    226  11694        0     1       tick    2863822011    2011051411             -             0             - 
    227  11694        0     0       tick    2908609366    2010681235    2010664362    2908609366     429073326 
    228  11694        0     1       tick    3015363948    2010787846             -             0             - 
    229  11694        0     0       tick    3019751848    2010882296    2010888738    3019751848     437688502 
    230  11694        0     1       tick    2973171395    1994802270             -             0             - 
    231  11694        0     0       tick    2844976210    2009780337    2009789040    2844976210     420637478 
    232  11694        0     1       tick    2938797749    2004085157             -             0             - 
    233  11694        0     0       tick    3019819187    2010457711    2010451284    3019819187     437925520 
    234  11694        0     1       tick    1999007159    1990850458             -             0             - 
    235  11694        0     0       tick     877969318    1971774819    1971707148     877969318      42031790 
    236  11694        0     1       tick    1534935554    1986037663             -             0             - 
    237  11694        0     0       tick    1701570087    2001120871    2001091128    1701570087     139692778 
    238  11694        0     1       tick    2997005303    2011088816             -             0             - 
    239  11694        0     0       tick    2766465222    1993699464    1993821180    2766465222     411462506 
    240  11694        0     1       tick    2985490647    2010659041             -             0             - 
    241  11694        0     0       tick    3008027528    2010928184    2010940788    3008027528     435953966 
    242  11694        0     1       tick    2932591865    1994044245             -             0             - 
    243  11694        0     0       tick    2792840244    2009296943    2010286494    2792840244     415477745 
    244  11694        0     1       tick    2987148209    2010396153             -             0             - 
    245  11694        0     0       tick    3018239491    2009918209    2009927424    3018239491     437506961 
    246  11694        0     1       tick    2952989248    2010233511             -             0             - 
    247  11694        0     0       tick    2802524640    2009920986    2009894550    2802524640     416966523 
    248  11694        0     1       tick    2987069178    1994628275             -             0             - 
    249  11694        0     0       tick    1740659414    1989491405    1989467856    1740659414     208704284 
    250  11694        0     1       tick     964676732    1972342957             -             0             - 
    251  11694        0     0       tick    1551986352    2002087139    2002098546    1551986352      87097244 
    252  11694        0     1       tick    1546503598    1999664447             -             0             - 
    253  11694        0     0       tick    2850996488    2010160212    2010143190    2850996488     420743073 
    254  11694        0     1       tick    2758501047    2010396991             -             0             - 
    255  11694        0     0       tick    2995665596    2010786740    2010804354    2995665596     438528885 
    256  11694        0     1       tick    2742046879    2010418022             -             0             - 
    257  11694        0     0       tick    2970604124    2010723735    2010712788    2970604124     438050525 
    258  11694        0     1       tick    2945625269    1989050102             -             0             - 
    259  11694        0     0       tick    2729865706    2010381888    2010421578    2729865706     408460866 
    260  11694        0     1       tick    2816484239    2010229644             -             0             - 
    261  11694        0     0       tick     700749512    1998482479    1998463782     700749512      19771054 
    262  11694        0     1       tick    1409527059    1975739658             -             0             - 
    263  11694        0     0       tick    1540403894    1982938167    1985312562    1540403894      87137803 
    264  11694        0     1       tick    2177760544    2004255510             -             0             - 
    265  11694        0     0       tick    2711813512    2010150496    2010185760    2711813512     404931522 
    266  11694        0     1       tick    2741679746    2010330703             -             0             - 
    267  11694        0     0       tick    2935249211    2010753819    2010735660    2935249211     437152487 
    268  11694        0     1       tick    2672721977    1994084261             -             0             - 
    269  11694        0     0       tick    2175894982    1983683023    1989603654    2175894982     295480419 
    270  11694        0     1       tick     785654537    1978792650             -             0             - 
    271  11694        0     0       tick    1553898380    1995263333    1995263490    1553898380      88643631 
    272  11694        0     1       tick    1547135800    2002508900             -             0             - 
    273  11694        0     0       tick    1979845323    2003222342    2003155350    1979845323     227407846 
    274  11694        0     1       tick    2662794424    2009907369             -             0             - 
    275  11694        0     0       tick    2696257191    1993354555    1993418430    2696257191     405578488 
    276  11694        0     1       tick    2006083064    2006286839             -             0             - 
    277  11694        0     0       tick     786683142    1978657316    1978644510     786683142      33415393 
    278  11694        0     1       tick    1554744450    1995943386             -             0             - 
    279  11694        0     0       tick    1548059869    2002375155    2002488270    1548059869      84921564 
    280  11694        0     1       tick    1789573573    1985812758             -             0             - 
    281  11694        0     0       tick    2384317913    2008437467    2008561962    2384317913     354710717 
    282  11694        0     1       tick    1304808966    2003831384             -             0             - 
    283  11694        0     0       tick    1079049859    1955234317    1955093394    1079049859      56347134 
    284  11694        0     1       tick    1567233830    2002451321             -             0             - 
    285  11694        0     0       tick    1542344369    1986268466    1986307602    1542344369      87212986 
    286  11694        0     1       tick    1796952033    1993206243             -             0             - 
    287  11694        0     0       tick     924745547    2002130422    2002147884     924745547      69426469 
    288  11694        0     1       tick    1201233842    1971853362             -             0             - 
    289  11694        0     0       tick    1554936311    2001279209    2001222186    1554936311      87699746 
    290  11694        0     1       tick    1552272574    2002336275             -             0             - 
    291  11694        0     0       tick    1444077038    2000353194    2000433162    1444077038     186028138 
    292  11694        0     1       tick     710187096    1997420130             -             0             - 
    293  11694        0     0       tick    1456924996    1974037525    1973969544    1456924996      86936073 
    294  11694        0     1       tick    1547336751    2002528561             -             0             - 
    295  11694        0     0       tick    1483935227    1976324646    1976340684    1483935227     119257381 
    296  11694        0     1       tick     957339043    2001154060             -             0             - 
    297  11694        0     0       tick    1007316198    1956076934    1963214274    1007316198      52215718 
    298  11694        0     1       tick    1552943305    2001209434             -             0             - 
    299  11694        0     0       tick    1560303181    2000762366    2000674884    1560303181      89680437 
    300  11694        0     1       tick    1279458784    1983115612             -             0             - 
    301  11694        0     0       tick     698736652    1997947092    1997950344     698736652      19693107 
    302  11694        0     1       tick    1407737410    1974888518             -             0             - 
    303  11694        0     0       tick    1554898698    2001997291    2002068834    1554898698      87698678 
    304  11694        0     1       tick    1546688310    2002233687             -             0             - 
    305  11694        0     0       tick    1325513844    1990671361    1990793436    1325513844     122232403 
    306  11694        0     1       tick     684205076    1982264993             -             0             - 
    307  11694        0     0       tick    1351209614    1974003025    1973994876    1351209614      77006027 
    308  11694        0     1       tick    1547213286    2002247125             -             0             - 
    309  11694        0     0       tick    1555168814    2002141961    2002065768    1555168814      87709254 
    310  11694        0     1       tick    1337578348    1999495891             -             0             - 
    311  11694        0     0       tick     725003212    1996349301    1996343988     725003212      27645375 
    312  11694        0     1       tick    1279103005    1973579495             -             0             - 
    313  11694        0     0       tick    1564225849    1996151421    1996890018    1564225849      91383658 
    314  11694        0     1       tick    1548355456    1994135283             -             0             - 
    315  11694        0     0       tick    1154009389    1999450465    1999494204    1154009389     102998752 
    316  11694        0     1       tick     715624142    1998545123             -             0             - 
    317  11694        0     0       tick    1484090124    1975683953    1975608324    1484090124      88805990 
    318  11694        0     1       tick    1536071404    1980483111             -             0             - 
    319  11694        0     0       tick    1529868833    1997836062    1997806698    1529868833      95319918 
    320  11694        0     1       tick     971500747    2000839425             -             0             - 
    321  11694        0     0       tick     867518716    1972294461    1972218210     867518716      41424361 
    322  11694        0     1       tick    1552860131    2002478837             -             0             - 
    323  11694        0     0       tick    1545816681    1986224724    1986388074    1545816681      87347284 
    324  11694        0     1       tick    1441744503    2000447576             -             0             - 
    325  11694        0     0       tick     822343800    1974126004    1984704408     822343800      49234105 
    326  11694        0     1       tick    1062928247    1971943283             -             0             - 
    327  11694        0     0       tick    1574522642    2002175048    2002295568    1574522642      91781263 
    328  11694        0     1       tick    1547899960    1985537521             -             0             - 
    329  11694        0     0       tick    1350899409    1998456583    1998493446    1350899409     110269390 
    330  11694        0     1       tick     730301426    1999598070             -             0             - 
    331  11694        0     0       tick    1262694505    1973720283    1973715384    1262694505      70176334 
    332  11694        0     1       tick    1558165421    2002522477             -             0             - 
    333  11694        0     0       tick    1516601873    1999742392    1999613010    1516601873      94309432 
    334  11694        0     1       tick     964226076    2001004373             -             0             - 
    335  11694        0     0       tick     877192745    1972171498    1972090692     877192745      41994848 
    336  11694        0     1       tick    1552269540    2002603280             -             0             - 
    337  11694        0     0       tick    1553620981    1994911016    2000898282    1553620981      87418423 
    338  11694        0     1       tick    1435637383    1999456921             -             0             - 
    339  11694        0     0       tick     823161901    2000669821    2000721114     823161901      47694220 
    340  11694        0     1       tick    1087630791    1972646923             -             0             - 
    341  11694        0     0       tick    1570927606    2002087464    2002003164    1570927606      91051838 
    342  11694        0     1       tick    1560421183    2002401186             -             0             - 
    343  11694        0     0       tick    1113579411    1998269872    1998303474    1113579411      98597652 
    344  11694        0     1       tick     716319026    1989756816             -             0             - 
    345  11694        0     0       tick    1513160504    1984304855    1984199358    1513160504      87457788 
    346  11694        0     1       tick    1572543344    2002421173             -             0             - 
    347  11694        0     0       tick    1376717836    1979374856    1983293514    1376717836     102626771 
    348  11694        0     1       tick     778804549    2001227902             -             0             - 
    349  11694        0     0       tick    1171852819    1972391166    1972300914    1171852819      66861532 
    350  11694        0     1       tick    1558584332    2002403119             -             0             - 
    351  11694        0     0       tick    1551277029    2002240016    2002290816    1551277029      85045605 
    352  11694        0     1       tick    1047895802    1999022630             -             0             - 
    353  11694        0     0       tick     744800482    1962441777    1962385974     744800482      31183857 
    354  11694        0     1       tick    1550260617    1995033141             -             0             - 
    355  11694        0     0       tick    1561767631    2001974360    2002009230    1561767631      88110537 
    356  11694        0     1       tick    1187410906    1990463574             -             0             - 
    357  11694        0     0       tick     705614243    1998538323    1998517230     705614243      19539522 
    358  11694        0     1       tick    1444673137    1975789703             -             0             - 
    359  11694        0     0       tick    1558096107    2001699837    2001632322    1558096107      87764393 
    360  11694        0     1       tick    1327357249    1999689016             -             0             - 
    361  11694        0     0       tick     698727598    1975673013    1981666968     698727598      23456796 
    362  11694        0     1       tick    1299584990    1974153757             -             0             - 
    363  11694        0     0       tick    1575030090    2002192027    2002209798    1575030090      91801017 
    364  11694        0     1       tick    1482871941    1999935606             -             0             - 
    365  11694        0     0       tick     917873156    2000864638    2000884836     917873156      66898596 
    366  11694        0     1       tick     941226923    1972725745             -             0             - 
    367  11694        0     0       tick    1557504595    2000883211    2002344402    1557504595      87799337 
    368  11694        0     1       tick    1557300963    1999488352             -             0             - 
    369  11694        0     0       tick     989736189    1985458700    1985416650     989736189      86930351 
    370  11694        0     1       tick     796007113    1979124025             -             0             - 
    371  11694        0     0       tick    1546196514    1978234859    1978301190    1546196514      88346086 
    372  11694        0     1       tick    1556729004    2002415000             -             0             - 
    373  11694        0     0       tick    1355653710    1999167339    1999134300    1355653710     110884388 
    374  11694        0     1       tick     727037527    1999866206             -             0             - 
    375  11694        0     0       tick    1251853498    1958003574    1957940658    1251853498      70597591 
    376  11694        0     1       tick    1551328491    2002472732             -             0             - 
    377  11694        0     0       tick    1404775912    1973038490    1983306372    1404775912     105454711 
    378  11694        0     1       tick     806748355    2000534424             -             0             - 
    379  11694        0     0       tick    1127833900    1971265570    1971189954    1127833900      64301183 
    380  11694        0     1       tick    1546836668    1994591106             -             0             - 
    381  11694        0     0       tick    1559685199    2002002194    2002021446    1559685199      87883677 
    382  11694        0     1       tick    1094105560    1999262360             -             0             - 
    383  11694        0     0       tick     714664951    1980030122    1979997144     714664951      28071305 
    384  11694        0     1       tick    1532007480    1993405913             -             0             - 
    385  11694        0     0       tick    1562794935    1986243210    1986316326    1562794935      91327929 
    386  11694        0     1       tick    1238411642    1999329755             -             0             - 
    387  11694        0     0       tick     696175085    1997507474    1998182838     696175085      19588280 
    388  11694        0     1       tick    1390250995    1951791577             -             0             - 
    389  11694        0     0       tick    1558996717    2002335372    2002448730    1558996717      87857177 
    390  11694        0     1       tick    1450565478    2000082635             -             0             - 
    391  11694        0     0       tick     859097562    1993192317    1993269438     859097562      55496432 
    392  11694        0     1       tick    1026315233    1972346090             -             0             - 
    393  11694        0     0       tick    1573799081    2002226023    2002223388    1573799081      91753537 
    394  11694        0     1       tick    1384442326    1983933251             -             0             - 
    395  11694        0     0       tick     784250655    2000704492    2000748588     784250655      39578782 
    396  11694        0     1       tick    1143162725    1947124748             -             0             - 
    397  11694        0     0       tick    1550423903    2001195879    2001194982    1550423903      85012608 
    398  11694        0     1       tick    1557313234    2001422688             -             0             - 
    399  11694        0     0       tick    1069968323    1998342719    1998413490    1069968323      95781905 
    400  11694        0     1       tick     733958091    1978671586             -             0             - 
    401  11694        0     0       tick    1529457382    1986901297    1986928326    1529457382      81861900 
    402  11694        0     1       tick    1532951985    1998702726             -             0             - 
    403  11694        0     0       tick     973026043    2000741125    2000688756     973026043      79335300 
    404  11694        0     1       tick     844711993    1955383083             -             0             - 
    405  11694        0     0       tick    1550551790    2002176421    2002101120    1550551790      85017813 
    406  11694        0     1       tick    1559251600    2002060570             -             0             - 
    407  11694        0     0       tick    1085614155    1982513959    1982520798    1085614155      96927439 
    408  11694        0     1       tick     715500522    1983565111             -             0             - 
    409  11694        0     0       tick    1527738135    1991172839    1991207814    1527738135      84174696 
    410  11694        0     1       tick    1573273418    2002587282             -             0             - 
    411  11694        0     0       tick    1384257078    1999580423    1999584624    1384257078     104954068 
    412  11694        0     1       tick     762788740    2001220888             -             0             - 
    413  11694        0     0       tick    1193688221    1972636657    1972632420    1193688221      68136946 
    414  11694        0     1       tick    1559764938    2002517236             -             0             - 
    415  11694        0     0       tick    1448041074    1999648065    1999594920    1448041074     101148232 
    416  11694        0     1       tick     851409576    2000490166             -             0             - 
    417  11694        0     0       tick    1041866809    1972408827    1972399746    1041866809      54019431 
    418  11694        0     1       tick    1573042492    2002490454             -             0             - 
    419  11694        0     0       tick    1492602001    1999911420    1999887552    1492602001      92406865 
    420  11694        0     1       tick     945822288    2000463308             -             0             - 
    421  11694        0     0       tick     902100116    1972316273    1972249440     902100116      43477473 
    422  11694        0     1       tick    1559387875    2002395985             -             0             - 
    423  11694        0     0       tick    1549899711    2000915440    2000865024    1549899711      84992980 
    424  11694        0     1       tick    1041126741    1998322858             -             0             - 
    425  11694        0     0       tick     761068839    1977693326    1977663528     761068839      31966972 
    426  11694        0     1       tick    1542978394    1976925775             -             0             - 
    427  11694        0     0       tick    1556553404    2002198109    2002254360    1556553404      86299324 
    428  11694        0     1       tick    1365795504    1999567878             -             0             - 
    429  11694        0     0       tick     730537438    2000841976    2000863908     730537438      28573374 
    430  11694        0     1       tick    1243161011    1973036865             -             0             - 
    431  11694        0     0       tick    1554241987    2002243084    2002247262    1554241987      86674270 
    432  11694        0     1       tick    1547202931    1999616863             -             0             - 
    433  11694        0     0       tick     987461190    2001750133    2001795762     987461190      84330372 
    434  11694        0     1       tick     816830866    1974543223             -             0             - 
    435  11694        0     0       tick    1559821817    1994286091    1994351436    1559821817      88872499 
    436  11694        0     1       tick    1559624578    2001387507             -             0             - 
    437  11694        0     0       tick    1340227047    1998647408    1998746136    1340227047     111721138 
    438  11694        0     1       tick     737463967    1996730410             -             0             - 
    439  11694        0     0       tick    1246671944    1957605983    1957513206    1246671944      65893879 
    440  11694        0     1       tick    1572313175    2002564382             -             0             - 
    441  11694        0     0       tick    1552504675    2002142503    2002155996    1552504675      85093477 
    442  11694        0     1       tick    1368738630    1999857975             -             0             - 
    443  11694        0     0       tick     726325038    2000364012    2000287230     726325038      27751308 
    444  11694        0     1       tick    1231211219    1951044847             -             0             - 
    445  11694        0     0       tick    1558890106    2002386922    2002448340    1558890106      87782760 
    446  11694        0     1       tick    1561724750    1986408817             -             0             - 
    447  11694        0     0       tick    1493919505    1999955285    1999915062    1493919505      92656282 
    448  11694        0     1       tick     945802199    2001095950             -             0             - 
    449  11694        0     0       tick     887080242    1951125495    1955398758     887080242      42983161 
    450  11694        0     1       tick    1560617630    2002369671             -             0             - 
    451  11694        0     0       tick    1539117600    1986130539    1986119838    1539117600      84575573 
    452  11694        0     1       tick    1424807583    1990897373             -             0             - 
    453  11694        0     0       tick     812016800    1984788597    1984793946     812016800      46434142 
    454  11694        0     1       tick    1085821511    1972833761             -             0             - 
    455  11694        0     0       tick    1559277659    1986215121    1986219780    1559277659      90815665 
    456  11694        0     1       tick    1560575917    2002395819             -             0             - 
    457  11694        0     0       tick    1342282596    1999488127    1999519542    1342282596     111168164 
    458  11694        0     1       tick     729586806    1989931971             -             0             - 
    459  11694        0     0       tick    1254640720    1966916172    1966986456    1254640720      67463311 
    460  11694        0     1       tick    1550669938    1986537997             -             0             - 
    461  11694        0     0       tick    1403845752    1994186608    1999501494    1403845752     104908110 
    462  11694        0     1       tick     791411359    2001231316             -             0             - 
    463  11694        0     0       tick    1151818477    1971738371    1971685236    1151818477      65711993 
    464  11694        0     1       tick    1551925666    2001807786             -             0             - 
    465  11694        0     0       tick    1466866829    1999477137    1999484988    1466866829     100163603 
    466  11694        0     1       tick     881137709    2001287227             -             0             - 
    467  11694        0     0       tick    1000640804    1972345937    1972288494    1000640804      51529214 
    468  11694        0     1       tick    1550320209    2002385453             -             0             - 
    469  11694        0     0       tick    1530006340    1998869897    1998830646    1530006340      95292420 
    470  11694        0     1       tick     965261627    1978564965             -             0             - 
    471  11694        0     0       tick     843587553    1962157736    1962024396     843587553      39958026 
    472  11694        0     1       tick    1551883137    2001055844             -             0             - 
    473  11694        0     0       tick    1558965877    2001930685    2001917016    1558965877      87855858 
    474  11694        0     1       tick    1096165914    1998968651             -             0             - 
    475  11694        0     0       tick     710446607    1966893514    1966837908     710446607      25257672 
    476  11694        0     1       tick    1523408927    1989325833             -             0             - 
    477  11694        0     0       tick    1574037665    2002300909    2002325394    1574037665      91762893 
    478  11694        0     1       tick    1242097661    1999465672             -             0             - 
    479  11694        0     0       tick     696173857    1998221199    1998253848     696173857      19694923 
    480  11694        0     1       tick    1405690959    1975775920             -             0             - 
    481  11694        0     0       tick    1558875923    2002241649    2002257468    1558875923      87852377 
    482  11694        0     1       tick    1341860700    1998495329             -             0             - 
    483  11694        0     0       tick     739218130    1996326089    1996298298     739218130      30712106 
    484  11694        0     1       tick    1259631036    1976074713             -             0             - 
    485  11694        0     0       tick    1573931921    2002197438    2002256664    1573931921      91758673 
    486  11694        0     1       tick    1382662566    1983876263             -             0             - 
    487  11694        0     0       tick     775008704    1984750198    1984759428     775008704      38634292 
    488  11694        0     1       tick    1163806049    1972879924             -             0             - 
    489  11694        0     0       tick    1557053286    2002404063    2002373556    1557053286      87746920 
    490  11694        0     1       tick    1532966832    1978256810             -             0             - 
    491  11694        0     0       tick    1070018897    1998826423    1998823926    1070018897      96113617 
    492  11694        0     1       tick     736655669    1978831541             -             0             - 
    493  11694        0     0       tick    1536406890    1994528231    1994642910    1536406890      82130821 
    494  11694        0     1       tick    1574967849    2002430625             -             0             - 
    495  11694        0     0       tick    1377114570    1998526566    1998484662    1377114570     107957496 
    496  11694        0     1       tick     742358444    2000498138             -             0             - 
    497  11694        0     0       tick    1224717828    1972561903    1972489554    1224717828      69906356 
    498  11694        0     1       tick    1559096386    2002204925             -             0             - 
    499  11694        0     0       tick    1548137170    1990416710    1990442268    1548137170      89412215 
    500  11694        0     1       tick     998897926    2001652551             -             0             - 
    501  11694        0     0       tick     793308756    1965041026    1969567752     793308756      33985395 
    502  11694        0     1       tick    1559108111    1995311108             -             0             - 
    503  11694        0     0       tick    1559954429    2002080760    2002058352    1559954429      87894091 
    504  11694        0     1       tick    1351641018    1999425044             -             0             - 
    505  11694        0     0       tick     732173918    1999014685    1998985212     732173918      29010266 
    506  11694        0     1       tick    1262828856    1974477749             -             0             - 
    507  11694        0     0       tick    1566715353    2002307717    2002338306    1566715353      89535310 
    508  11694        0     1       tick    1500820880    1991290313             -             0             - 
    509  11694        0     0       tick     968081549    2000843579    2000821854     968081549      76811861 
    510  11694        0     1       tick     874103807    1967755858             -             0             - 
    511  11694        0     0       tick    1551587476    2001257312    2001348780    1551587476      85057742 
    512  11694        0     1       tick    1558733109    2001279796             -             0             - 
    513  11694        0     0       tick    1322600893    1982572763    1982617542    1322600893     115547046 
    514  11694        0     1       tick     710293324    1997921604             -             0             - 
    515  11694        0     0       tick    1304274359    1975446063    1975360848    1304274359      68585200 
    516  11694        0     1       tick    1574998181    2002256330             -             0             - 
    517  11694        0     0       tick    1482008332    1999128458    1999065480    1482008332      96043853 
    518  11694        0     1       tick     920853564    2000827368             -             0             - 
    519  11694        0     0       tick     945535155    1972319392    1972298856     945535155      45994044 
    520  11694        0     1       tick    1558628510    2002485561             -             0             - 
    521  11694        0     0       tick    1564595177    1989201631    1993095852    1564595177      91397297 
    522  11694        0     1       tick    1265284875    1999298385             -             0             - 
    523  11694        0     0       tick     693222734    1998008456    1997956152     693222734      19627394 
    524  11694        0     1       tick    1393802467    1975416936             -             0             - 
    525  11694        0     0       tick    1559288952    2001863126    2001771468    1559288952      87868220 
    526  11694        0     1       tick    1454789078    1999110273             -             0             - 
    527  11694        0     0       tick     868501523    2000889310    2000875926     868501523      56509898 
    528  11694        0     1       tick    1027514217    1972639884             -             0             - 
    529  11694        0     0       tick    1570394453    2001415292    2001454506    1570394453      91621981 
    530  11694        0     1       tick    1541078266    1985972702             -             0             - 
    531  11694        0     0       tick    1190731039    1998693869    1998701622    1190731039     105593856 
    532  11694        0     1       tick     708488681    1998216506             -             0             - 
    533  11694        0     0       tick    1440209580    1959278900    1959225900    1440209580      84245626 
    534  11694        0     1       tick    1556191998    2001437563             -             0             - 
    535  11694        0     0       tick    1437375992    1999565532    1999538820    1437375992     105264585 
    536  11694        0     1       tick     823599536    2001356346             -             0             - 
    537  11694        0     0       tick    1095042529    1972713358    1972706616    1095042529      58274747 
    538  11694        0     1       tick    1567173913    2002127562             -             0             - 
    539  11694        0     0       tick    1548276022    1986356871    1986342330    1548276022      87442016 
    540  11694        0     1       tick    1122363382    1998738123             -             0             - 
    541  11694        0     0       tick     715853925    1987210559    1988499096     715853925      20358392 
    542  11694        0     1       tick    1490708460    1961191341             -             0             - 
    543  11694        0     0       tick    1573214562    2002225550    2002243614    1573214562      91577204 
    544  11694        0     1       tick    1396793155    1998554801             -             0             - 
    545  11694        0     0       tick     779074591    1984627431    1984616712     779074591      39482303 
    546  11694        0     1       tick    1158281578    1972195031             -             0             - 
    547  11694        0     0       tick    1554003260    2002307387    2002349838    1554003260      86134295 
    548  11694        0     1       tick    1555899534    2002447766             -             0             - 
    549  11694        0     0       tick    1065544571    1998863315    1998830982    1065544571      96007744 
    550  11694        0     1       tick     724879977    1954635310             -             0             - 
    551  11694        0     0       tick    1537025371    1995732687    1995603324    1537025371      82154603 
    552  11694        0     1       tick    1562587479    1986449979             -             0             - 
    553  11694        0     0       tick    1381564994    1999353293    1999237404    1381564994     107332628 
    554  11694        0     1       tick     751348252    2001150493             -             0             - 
    555  11694        0     0       tick    1213280755    1972635317    1972621518    1213280755      69270104 
    556  11694        0     1       tick    1557001692    2001793871             -             0             - 
    557  11694        0     0       tick    1560930920    1999462963    1999372218    1560930920      88984759 
    558  11694        0     1       tick    1002305889    2001835174             -             0             - 
    559  11694        0     0       tick     793840110    1977901682    1977801480     793840110      33874836 
    560  11694        0     1       tick    1545540857    1978559437             -             0             - 
    561  11694        0     0       tick    1552523494    2002065613    2002084602    1552523494      85094592 
    562  11694        0     1       tick    1351108283    1983506134             -             0             - 
    563  11694        0     0       tick     722557957    1999818309    1999807050     722557957      27005774 
    564  11694        0     1       tick    1264583153    1973514629             -             0             - 
    565  11694        0     0       tick    1549114790    2001945120    2001978588    1549114790      84962362 
    566  11694        0     1       tick    1532650014    1998981749             -             0             - 
    567  11694        0     0       tick     977193726    2000584857    2000585292     977193726      80473586 
    568  11694        0     1       tick     852634353    1970548521             -             0             - 
    569  11694        0     0       tick    1552257632    2002120918    2002168326    1552257632      85083921 
    570  11694        0     1       tick    1551038129    1994340015             -             0             - 
    571  11694        0     0       tick    1325731469    1983018797    1983063834    1325731469     112981568 
    572  11694        0     1       tick     730472259    1997300134             -             0             - 
    573  11694        0     0       tick    1272249430    1975238892    1975206606    1272249430      66526000 
    574  11694        0     1       tick    1573517281    2002485728             -             0             - 
    575  11694        0     0       tick    1491097068    2000030546    2000036718    1491097068      93197146 
    576  11694        0     1       tick     942762079    2001309669             -             0             - 
    577  11694        0     0       tick     907455464    1970365823    1970245524     907455464      43786918 
    578  11694        0     1       tick    1555578065    1999084129             -             0             - 
    579  11694        0     0       tick    1550156828    2001402666    2001293718    1550156828      85002279 
    580  11694        0     1       tick    1425660647    1999251277             -             0             - 
    581  11694        0     0       tick     804543499    2001186598    2001237690     804543499      43920919 
    582  11694        0     1       tick    1133909368    1972881519             -             0             - 
    583  11694        0     0       tick    1551821388    2002345366    2002309488    1551821388      85067176 
    584  11694        0     1       tick    1559434654    2002687220             -             0             - 
    585  11694        0     0       tick    1087330947    1999251301    1999179156    1087330947      97260505 
    586  11694        0     1       tick     715362225    1978652638             -             0             - 
    587  11694        0     0       tick    1523756309    1977728440    1979734080    1523756309      81641533 
    588  11694        0     1       tick    1573606683    2002391634             -             0             - 
    589  11694        0     0       tick    1236807181    1998949672    1999034646    1236807181     108667038 
    590  11694        0     1       tick     690216455    1982505400             -             0             - 
    591  11694        0     0       tick    1402008800    1974716820    1974705066    1402008800      80460436 
    592  11694        0     1       tick    1556939693    2002489150             -             0             - 
    593  11694        0     0       tick    1344007144    1999558159    1999643994    1344007144     111960027 
    594  11694        0     1       tick     737289432    1998430196             -             0             - 
    595  11694        0     0       tick    1247595886    1958644384    1958612544    1247595886      66521938 
    596  11694        0     1       tick    1570773519    2001975239             -             0             - 
    597  11694        0     0       tick    1396285982    1999598527    1999643778    1396285982     103265982 
    598  11694        0     1       tick     780610619    1982928838             -             0             - 
    599  11694        0     0       tick    1151320283    1972444989    1972436406    1151320283      65697280 
    600  11694        0     1       tick    1552417438    2002762773             -             0             - 
    601  11694        0     0       tick    1453923420    1984024516    1984068396    1453923420      98793254 
    602  11694        0     1       tick     889552854    2001148549             -             0             - 
    603  11694        0     0       tick     977670784    1956249967    1956166122     977670784      50412179 
    604  11694        0     1       tick    1550411012    2002736401             -             0             - 
    605  11694        0     0       tick    1539262066    1999770986    1999836732    1539262066      93409717 
    606  11694        0     1       tick     981575033    2001619312             -             0             - 
    607  11694        0     0       tick     835816097    1971703254    1971613296     835816097      38062203 
    608  11694        0     1       tick    1557418461    2002576791             -             0             - 
    609  11694        0     0       tick    1547500685    1986542610    1986568980    1547500685      87412159 
    610  11694        0     1       tick    1105134871    1990473194             -             0             - 
    611  11694        0     0       tick     716491233    1989571285    1989573816     716491233      22729461 
    612  11694        0     1       tick    1512976760    1984687136             -             0             - 
    613  11694        0     0       tick    1571531662    2002213989    2002224624    1571531662      91665965 
    614  11694        0     1       tick    1251284125    1999512728             -             0             - 
    615  11694        0     0       tick     693898418    1998405002    1998316284     693898418      19642540 
    616  11694        0     1       tick    1389435909    1969645629             -             0             - 
    617  11694        0     0       tick    1559854968    2002417856    2002457538    1559854968      87890115 
    618  11694        0     1       tick    1347036570    1999014835             -             0             - 
    619  11694        0     0       tick     733735160    1998716992    1998721116     733735160      29468413 
    620  11694        0     1       tick    1260348098    1973164070             -             0             - 
    621  11694        0     0       tick    1546333567    1986308075    1986303432    1546333567      86974074 
    622  11694        0     1       tick    1404363854    1990434073             -             0             - 
    623  11694        0     0       tick     795324817    2000181888    2000185692     795324817      41892422 
    624  11694        0     1       tick    1146417756    1971978637             -             0             - 
    625  11694        0     0       tick    1550805314    2001375689    2001466380    1550805314      85027748 
    626  11694        0     1       tick    1454759274    1975955328             -             0             - 
    627  11694        0     0       tick     896692367    2000192776    2000208714     896692367      62658297 
    628  11694        0     1       tick     981675201    1969976337             -             0             - 
    629  11694        0     0       tick    1550214032    2002223641    2002251216    1550214032      85004751 
    630  11694        0     1       tick    1539750391    1999856689             -             0             - 
    631  11694        0     0       tick     981866398    2001354539    2001283620     981866398      81893831 
    632  11694        0     1       tick     840422526    1971536396             -             0             - 
    633  11694        0     0       tick    1555562048    2002028740    2001935874    1555562048      86203120 
    634  11694        0     1       tick    1558464255    2002369566             -             0             - 
    635  11694        0     0       tick    1098647732    1999041450    1999584522    1098647732      97494716 
    636  11694        0     1       tick     715149601    1980701389             -             0             - 
    637  11694        0     0       tick    1521878503    1983481719    1984816938    1521878503      83465372 
    638  11694        0     1       tick    1558648613    1984270161             -             0             - 
    639  11694        0     0       tick    1390055779    1999414155    1999407810    1390055779     104456463 
    640  11694        0     1       tick     772218352    2000972630             -             0             - 
    641  11694        0     0       tick    1170130338    1956240461    1956232398    1170130338      66998319 
    642  11694        0     1       tick    1555074635    1995998226             -             0             - 
    643  11694        0     0       tick    1453252506    1999822193    1999907436    1453252506      99237263 
    644  11694        0     1       tick     868941723    2001310852             -             0             - 
    645  11694        0     0       tick    1022491668    1972016020    1971999036    1022491668      52749000 
    646  11694        0     1       tick    1561742690    1994425068             -             0             - 
    647  11694        0     0       tick    1503856155    2000118020    2000064222    1503856155      91853446 
    648  11694        0     1       tick     956893287    1984922048             -             0             - 
    649  11694        0     0       tick     874767548    1971096166    1971050670     874767548      41855054 
    650  11694        0     1       tick    1545738932    1994018992             -             0             - 
    651  11694        0     0       tick    1546545004    1986363386    1986333456    1546545004      87375325 
    652  11694        0     1       tick    1321929411    1983269798             -             0             - 
    653  11694        0     0       tick     720013678    1997994638    1998028056     720013678      26459889 
    654  11694        0     1       tick    1290522808    1975924139             -             0             - 
    655  11694        0     0       tick    1572600567    2002345629    2002271904    1572600567      91707310 
    656  11694        0     1       tick    1486494263    2000183336             -             0             - 
    657  11694        0     0       tick     925489724    1985300962    1985364432     925489724      69286777 
    658  11694        0     1       tick     922605802    1972460930             -             0             - 
    659  11694        0     0       tick    1558122112    2002302701    2002238982    1558122112      87822835 
    660  11694        0     1       tick    1558341465    2002662563             -             0             - 
    661  11694        0     0       tick    1009599679    1982889755    1982880468    1009599679      91124216 
    662  11694        0     1       tick     770877439    1970565565             -             0             - 
    663  11694        0     0       tick    1542438658    1970973113    1979518044    1542438658      88200307 
    664  11694        0     1       tick    1551046522    2002490516             -             0             - 
    665  11694        0     0       tick    1367825703    1999298164    1999336284    1367825703     110142983 
    666  11694        0     1       tick     724625581    2001201747             -             0             - 
    667  11694        0     0       tick    1255601178    1971407365    1971385158    1255601178      74126725 
    668  11694        0     1       tick    1550023217    2002314405             -             0             - 
    669  11694        0     0       tick    1323855336    1999541110    1999569708    1323855336     117119671 
    670  11694        0     1       tick     698824479    1997573646             -             0             - 
    671  11694        0     0       tick    1327071775    1975580732    1975498914    1327071775      72001900 
    672  11694        0     1       tick    1557323565    1994167914             -             0             - 
    673  11694        0     0       tick    1545439308    1985475932    1985506194    1545439308      87332687 
    674  11694        0     1       tick    1115408490    1999289554             -             0             - 
    675  11694        0     0       tick     717391088    1993271839    1993267740     717391088      21433569 
    676  11694        0     1       tick    1505163981    1980741000             -             0             - 
    677  11694        0     0       tick    1572565078    2002284261    2002335714    1572565078      91706193 
    678  11694        0     1       exit     440013807     576007348             -             0             - 
