[Event-to-counter mappings]
pmc0=instr_retired_fixed(0),instr(1)
pmc1=unhalted_core_cycles_fixed(0),cycles(1)
pmc2=unhalted_ref_cycles_fixed(0)
pmc3=llc_misses(0),l2_misses(1)
pmc4=branch_instr_retired(0)
[Event counts]
nsample    pid coretype expid      event          pmc0          pmc1          pmc2          pmc3          pmc4
      1   7459        0     0       tick     765741030    1428384400    1433759622     765741030      90239863 
      2   7459        0     1       tick     726994312    1927184416             -             0             - 
      3   7459        0     0       tick    1180216899    1941313548    1941373494    1180216899      62125816 
      4   7459        0     1       tick    1167178134    1945109699             -             0             - 
      5   7459        0     0       tick     755823516    1928189348    1935489564     755823516      21240272 
      6   7459        0     1       tick    1349202380    1966723532             -             0             - 
      7   7459        0     0       tick    2744611510    2010174271    2010160452    2744611510     392686648 
      8   7459        0     1       tick    2858797054    2010152989             -             0             - 
      9   7459        0     0       tick    2929991185    2010779283    2010798726    2929991185     420514914 
     10   7459        0     1       tick    2798567322    1989239608             -             0             - 
     11   7459        0     0       tick    2091975943    2005815443    2005830402    2091975943     268669509 
     12   7459        0     1       tick     846453973    1973117771             -             0             - 
     13   7459        0     0       tick    1555457296    1993873800    1993826562    1555457296     124105948 
     14   7459        0     1       tick    2972115458    2010504872             -             0             - 
     15   7459        0     0       tick    2971161749    2009898113    2009878584    2971161749     430198625 
     16   7459        0     1       tick    2879600698    2009522942             -             0             - 
     17   7459        0     0       tick    2996431800    2010043223    2010054204    2996431800     432150041 
     18   7459        0     1       tick    2849127448    2010087302             -             0             - 
     19   7459        0     0       tick    3001377038    2009898626    2009909292    3001377038     432326741 
     20   7459        0     1       tick    1811246338    1985760317             -             0             - 
     21   7459        0     0       tick     907133778    1960452646    1966424628     907133778      44326509 
     22   7459        0     1       tick    1680090013    1985057745             -             0             - 
     23   7459        0     0       tick    2967458549    2010199893    2010217860    2967458549     430327923 
     24   7459        0     1       tick    2962016119    2010767793             -             0             - 
     25   7459        0     0       tick    2916230270    2010429396    2010465246    2916230270     418695473 
     26   7459        0     1       tick    2948688343    2010276732             -             0             - 
     27   7459        0     0       tick    2884076813    1988030146    1994047800    2884076813     413949367 
     28   7459        0     1       tick    2978323101    2011072510             -             0             - 
     29   7459        0     0       tick    2957057754    2010517568    2010550344    2957057754     429346662 
     30   7459        0     1       tick    1514972479    2004815782             -             0             - 
     31   7459        0     0       tick     992412828    1966969567    1966984458     992412828      49993710 
     32   7459        0     1       tick    1410789196    1983945727             -             0             - 
     33   7459        0     0       tick    2936041563    2008113865    2008070832    2936041563     424093618 
     34   7459        0     1       tick    2976251798    1992557116             -             0             - 
     35   7459        0     0       tick    2983505451    2001763021    2001774312    2983505451     431491607 
     36   7459        0     1       tick    2871244770    1994375831             -             0             - 
     37   7459        0     0       tick    2975412000    2004777708    2010781896    2975412000     429648981 
     38   7459        0     1       tick    2984078140    2010394269             -             0             - 
     39   7459        0     0       tick    2922274281    2009101904    2009129646    2922274281     420949152 
     40   7459        0     1       tick    2974387775    2010836199             -             0             - 
     41   7459        0     0       tick    2994275638    2009906676    2009934804    2994275638     431947932 
     42   7459        0     1       tick    2991110649    2010852112             -             0             - 
     43   7459        0     0       tick     811504735    1983513458    1984818804     811504735      39925861 
     44   7459        0     1       tick    1189674257    1950721657             -             0             - 
     45   7459        0     0       tick    1760568951    1984947025    1984914366    1760568951     168397421 
     46   7459        0     1       tick    2978794990    2010898105             -             0             - 
     47   7459        0     0       tick    3006282281    1999177395    2002522050    3006282281     432837650 
     48   7459        0     1       tick    3012016101    2011145711             -             0             - 
     49   7459        0     0       tick    2982115797    2010964864    2010977172    2982115797     431026055 
     50   7459        0     1       tick    2946559673    2010650611             -             0             - 
     51   7459        0     0       tick    3000637942    2010837539    2010835818    3000637942     432658231 
     52   7459        0     1       tick    3022014330    2010949474             -             0             - 
     53   7459        0     0       tick    2989707891    2010662162    2010651642    2989707891     432064023 
     54   7459        0     1       tick    2949656058    2010710257             -             0             - 
     55   7459        0     0       tick    2998480040    2010833633    2010860220    2998480040     433116376 
     56   7459        0     1       tick    3016278094    2010798024             -             0             - 
     57   7459        0     0       tick    3011287000    2010372362    2010364014    3011287000     434346764 
     58   7459        0     1       tick    2605705588    2009534731             -             0             - 
     59   7459        0     0       tick     703177605    1973682858    1981620804     703177605      20834305 
     60   7459        0     1       tick    1280794195    1968656665             -             0             - 
     61   7459        0     0       tick    1593711743    2000861928    2000774862    1593711743     129865674 
     62   7459        0     1       tick    2990692999    2010463804             -             0             - 
     63   7459        0     0       tick    2999097722    2010894060    2010900150    2999097722     433644765 
     64   7459        0     1       tick    3011139089    2011128912             -             0             - 
     65   7459        0     0       tick    2993293589    2010751304    2010767748    2993293589     432828095 
     66   7459        0     1       tick    2894577855    1984122410             -             0             - 
     67   7459        0     0       tick    2988449507    2010892481    2010905292    2988449507     432089629 
     68   7459        0     1       tick    3009962606    2010851826             -             0             - 
     69   7459        0     0       tick    3010642990    2010938419    2010961920    3010642990     434842100 
     70   7459        0     1       tick    2998890328    2011148785             -             0             - 
     71   7459        0     0       tick    2943017517    2010299910    2010320766    2943017517     424851023 
     72   7459        0     1       tick    3000564992    2010986050             -             0             - 
     73   7459        0     0       tick    3006387449    2010875630    2010879426    3006387449     434362288 
     74   7459        0     1       tick    3002956925    2010417939             -             0             - 
     75   7459        0     0       tick    2987498159    2010803296    2010799716    2987498159     432465795 
     76   7459        0     1       tick    1070489296    1976903966             -             0             - 
     77   7459        0     0       tick    1042138775    1950017977    1950044904    1042138775      57052605 
     78   7459        0     1       tick    1449741291    1994377068             -             0             - 
     79   7459        0     0       tick    2540056922    1998305994    1998260346    2540056922     343707220 
     80   7459        0     1       tick    2982260873    2010329098             -             0             - 
     81   7459        0     0       tick    2998541992    2010639636    2010658314    2998541992     434153697 
     82   7459        0     1       tick    3011484128    2011120399             -             0             - 
     83   7459        0     0       tick    3006247045    2010920991    2010939270    3006247045     435670571 
     84   7459        0     1       tick    3003169938    2011010228             -             0             - 
     85   7459        0     0       tick    2984924453    2002373530    2002394046    2984924453     428311167 
     86   7459        0     1       tick    2993329066    2010597153             -             0             - 
     87   7459        0     0       tick    2961316348    1988792064    1994821680    2961316348     428843819 
     88   7459        0     1       tick    3002039325    2011089637             -             0             - 
     89   7459        0     0       tick    2986206527    2009866732    2009856282    2986206527     432915692 
     90   7459        0     1       tick    2996194123    2010838391             -             0             - 
     91   7459        0     0       tick    2976090749    1994697243    1994710422    2976090749     426770965 
     92   7459        0     1       tick    2991458973    2002581781             -             0             - 
     93   7459        0     0       tick    2999713608    2010828469    2010820104    2999713608     434406370 
     94   7459        0     1       tick    3000355284    2010737439             -             0             - 
     95   7459        0     0       tick    2945037663    1991203846    1993257804    2945037663     426891971 
     96   7459        0     1       tick    3000415410    2010248480             -             0             - 
     97   7459        0     0       tick    1364369771    1990036804    1996025736    1364369771     139439174 
     98   7459        0     1       tick     954327961    1965601804             -             0             - 
     99   7459        0     0       tick    1456995481    2002208380    2002237794    1456995481      83619083 
    100   7459        0     1       tick    2389380935    2001214030             -             0             - 
    101   7459        0     0       tick    3005627599    2010271424    2010274758    3005627599     434851067 
    102   7459        0     1       tick    2971884828    1994973586             -             0             - 
    103   7459        0     0       tick    2996913502    2010830516    2010828786    2996913502     436079931 
    104   7459        0     1       tick    2972603144    1994486325             -             0             - 
    105   7459        0     0       tick    3011193893    2009926769    2009927238    3011193893     436068225 
    106   7459        0     1       tick    3005307760    2010619863             -             0             - 
    107   7459        0     0       tick    2956512562    1987506926    1994141904    2956512562     426616208 
    108   7459        0     1       tick    2995411794    2010477410             -             0             - 
    109   7459        0     0       tick    2965819692    1994657106    1994626560    2965819692     429864071 
    110   7459        0     1       tick    2989836725    2010846228             -             0             - 
    111   7459        0     0       tick    3005696103    2010911199    2010918378    3005696103     435161326 
    112   7459        0     1       tick    3002452358    2010752769             -             0             - 
    113   7459        0     0       tick    3013745453    2010643048    2010645804    3013745453     433589181 
    114   7459        0     1       tick    3002333331    2010817197             -             0             - 
    115   7459        0     0       tick    3007589431    2011016740    2011015344    3007589431     435116472 
    116   7459        0     1       tick    3000024631    2011079560             -             0             - 
    117   7459        0     0       tick    2999582356    2011004841    2011041468    2999582356     436074818 
    118   7459        0     1       tick    3025136767    2011067220             -             0             - 
    119   7459        0     0       tick    3009681027    2010819988    2010816528    3009681027     436388525 
    120   7459        0     1       tick    2074823567    1985928607             -             0             - 
    121   7459        0     0       tick     732720749    1972746538    1972699962     732720749      32086438 
    122   7459        0     1       tick    1410007471    1979496991             -             0             - 
    123   7459        0     0       tick    1425833866    1999790646    1999844880    1425833866      87160396 
    124   7459        0     1       tick    2959913663    2010268136             -             0             - 
    125   7459        0     0       tick    3002361742    2010308051    2010296274    3002361742     434514978 
    126   7459        0     1       tick    2963137571    1994948488             -             0             - 
    127   7459        0     0       tick    2955187796    2002449688    2002471272    2955187796     432142523 
    128   7459        0     1       tick    2980062653    1994653952             -             0             - 
    129   7459        0     0       tick    2985146566    1994828149    1994815248    2985146566     432081873 
    130   7459        0     1       tick    3007551125    2011004101             -             0             - 
    131   7459        0     0       tick    2976735847    1994351855    1994355348    2976735847     430927629 
    132   7459        0     1       tick    3014561649    2010494610             -             0             - 
    133   7459        0     0       tick    2959032039    1994191222    1994203206    2959032039     431516325 
    134   7459        0     1       tick    2961225258    2010492803             -             0             - 
    135   7459        0     0       tick    2978914443    2010700769    2010707508    2978914443     432468542 
    136   7459        0     1       tick    2977614541    2011107725             -             0             - 
    137   7459        0     0       tick    2983004469    2002252397    2002252536    2983004469     430968926 
    138   7459        0     1       tick    3008108782    2011056752             -             0             - 
    139   7459        0     0       tick    3001732645    2004457193    2010448230    3001732645     434781665 
    140   7459        0     1       tick    2987133505    2010090735             -             0             - 
    141   7459        0     0       tick    2968299572    2003803986    2009824704    2968299572     434113216 
    142   7459        0     1       tick    3008945804    2010391970             -             0             - 
    143   7459        0     0       tick    3015184817    2010192487    2010188868    3015184817     436385433 
    144   7459        0     1       tick    2924191587    2010582031             -             0             - 
    145   7459        0     0       tick     687860141    1997691814    1997732436     687860141      21292320 
    146   7459        0     1       tick    1153289334    1945085314             -             0             - 
    147   7459        0     0       tick    1439211213    1993606507    1993615038    1439211213      82931487 
    148   7459        0     1       tick    2318987449    1989325514             -             0             - 
    149   7459        0     0       tick    3021310630    2010741178    2010737394    3021310630     437523444 
    150   7459        0     1       tick    3001564932    2002679157             -             0             - 
    151   7459        0     0       tick    2957123788    2010016405    2010041904    2957123788     434502412 
    152   7459        0     1       tick    2982408212    2010577626             -             0             - 
    153   7459        0     0       tick    3028258404    2010888220    2010887688    3028258404     438254478 
    154   7459        0     1       tick    3018241844    2010927805             -             0             - 
    155   7459        0     0       tick    2993569317    2010797000    2010774708    2993569317     433841490 
    156   7459        0     1       tick    3018682429    2010454968             -             0             - 
    157   7459        0     0       tick    3002335370    2010116780    2010116502    3002335370     436366037 
    158   7459        0     1       tick    2949685067    2010531062             -             0             - 
    159   7459        0     0       tick    2971116894    2010742531    2010752364    2971116894     434567960 
    160   7459        0     1       tick    3014082466    2010689719             -             0             - 
    161   7459        0     0       tick    3007743124    2010400438    2010429366    3007743124     436284770 
    162   7459        0     1       tick    3001771861    2010966975             -             0             - 
    163   7459        0     0       tick    3007651532    2010767946    2010767796    3007651532     435943638 
    164   7459        0     1       tick    3009588753    2010863998             -             0             - 
    165   7459        0     0       tick    2959665988    2010886693    2010889596    2959665988     434989137 
    166   7459        0     1       tick    2975309346    2010384129             -             0             - 
    167   7459        0     0       tick    3018963037    2010595927    2010593904    3018963037     437162216 
    168   7459        0     1       tick    3007413678    2011040962             -             0             - 
    169   7459        0     0       tick    1932378432    1982677414    1990599834    1932378432     243847773 
    170   7459        0     1       tick     762921527    1971293140             -             0             - 
    171   7459        0     0       tick    1422413759    1995733874    1995674742    1422413759      79736831 
    172   7459        0     1       tick    1424282216    2000402564             -             0             - 
    173   7459        0     0       tick    2993064391    1994440600    1994444328    2993064391     434084713 
    174   7459        0     1       tick    2991804001    1994634699             -             0             - 
    175   7459        0     0       tick    2956356409    2010270948    2010282270    2956356409     433699627 
    176   7459        0     1       tick    2950313714    2010402867             -             0             - 
    177   7459        0     0       tick    2986931463    2010915357    2010897678    2986931463     437001094 
    178   7459        0     1       tick    3017172794    2010566664             -             0             - 
    179   7459        0     0       tick    3020483400    2010036755    2010032076    3020483400     438221720 
    180   7459        0     1       tick    3002769687    2010668455             -             0             - 
    181   7459        0     0       tick    2999610366    2010745492    2010757812    2999610366     435469284 
    182   7459        0     1       tick    2953773134    2002894584             -             0             - 
    183   7459        0     0       tick    2960492364    2009975256    2009979366    2960492364     433965788 
    184   7459        0     1       tick    2967721995    1994629621             -             0             - 
    185   7459        0     0       tick    3009488159    2010732409    2010748896    3009488159     436039589 
    186   7459        0     1       tick    3008843072    2011108402             -             0             - 
    187   7459        0     0       tick    3008118528    2010796304    2010827298    3008118528     436327231 
    188   7459        0     1       tick    3001853623    2002756858             -             0             - 
    189   7459        0     0       tick    2947831845    2009826383    2009817252    2947831845     432387527 
    190   7459        0     1       tick    2946114712    2010895845             -             0             - 
    191   7459        0     0       tick    2990032208    2010765088    2010752160    2990032208     436823631 
    192   7459        0     1       tick    3027574052    2011194275             -             0             - 
    193   7459        0     0       tick    2942651302    2010636203    2010644718    2942651302     424210105 
    194   7459        0     1       tick     685020260    1997657682             -             0             - 
    195   7459        0     0       tick    1150365722    1954449803    1954476810    1150365722      60846982 
    196   7459        0     1       tick    1446061513    2002664617             -             0             - 
    197   7459        0     0       tick    1778509970    2002205267    2002207050    1778509970     172691389 
    198   7459        0     1       tick    3030682141    2010982951             -             0             - 
    199   7459        0     0       tick    3008888705    2010224358    2010210834    3008888705     439152266 
    200   7459        0     1       tick    2922794400    2010212996             -             0             - 
    201   7459        0     0       tick    2968577074    2010112920    2010126018    2968577074     435764408 
    202   7459        0     1       tick    2973607460    1988515305             -             0             - 
    203   7459        0     0       tick    3022215136    2010632355    2010612270    3022215136     438070409 
    204   7459        0     1       tick    3017408135    2010627989             -             0             - 
    205   7459        0     0       tick    3010261984    2010704235    2010726660    3010261984     437941475 
    206   7459        0     1       tick    2918251181    1994530200             -             0             - 
    207   7459        0     0       tick    2923517708    2009930836    2009958132    2923517708     430661154 
    208   7459        0     1       tick    2971115803    1994753103             -             0             - 
    209   7459        0     0       tick    3017723132    2010419896    2010427938    3017723132     437708773 
    210   7459        0     1       tick    3020000634    2011016246             -             0             - 
    211   7459        0     0       tick    2997658655    1994534895    1994520180    2997658655     434898356 
    212   7459        0     1       tick    2974089328    2010298987             -             0             - 
    213   7459        0     0       tick    2901667783    2010329969    2010321594    2901667783     427387458 
    214   7459        0     1       tick    2957178173    1994985509             -             0             - 
    215   7459        0     0       tick    3011547481    2010920628    2010941334    3011547481     436580005 
    216   7459        0     1       tick    2847647107    2010264777             -             0             - 
    217   7459        0     0       tick     683614025    1997513973    1997481318     683614025      21091313 
    218   7459        0     1       tick    1182576060    1969100616             -             0             - 
    219   7459        0     0       tick    1445367124    2000483195    2000496456    1445367124      83169279 
    220   7459        0     1       tick    1816185274    1978468478             -             0             - 
    221   7459        0     0       tick    3023095995    2010401315    2010414162    3023095995     438393001 
    222   7459        0     1       tick    2970688857    2010322667             -             0             - 
    223   7459        0     0       tick    2877466770    2009779926    2009789826    2877466770     423038384 
    224   7459        0     1       tick    2972059546    2010191573             -             0             - 
    225   7459        0     0       tick    3020016281    2010313939    2010326094    3020016281     437472166 
    226   7459        0     1       tick    3020754895    2010500537             -             0             - 
    227   7459        0     0       tick    2983989075    1992349832    1994341842    2983989075     434556784 
    228   7459        0     1       tick    2941735921    2010462933             -             0             - 
    229   7459        0     0       tick    2850932394    1987947840    1993944582    2850932394     420310576 
    230   7459        0     1       tick    3006152868    2010660710             -             0             - 
    231   7459        0     0       tick    3024356229    2010360927    2010367554    3024356229     438066638 
    232   7459        0     1       tick    3030309351    2011013441             -             0             - 
    233   7459        0     0       tick    3001755270    2010585403    2010556908    3001755270     438417062 
    234   7459        0     1       tick    2897083023    2010976298             -             0             - 
    235   7459        0     0       tick    2936831262    2010813292    2010833646    2936831262     432192084 
    236   7459        0     1       tick    2974248733    1988665712             -             0             - 
    237   7459        0     0       tick    3020486303    2010564242    2010554550    3020486303     437550304 
    238   7459        0     1       tick     787093555    2002329521             -             0             - 
    239   7459        0     0       tick    1148958369    1965364033    1965321996    1148958369      69604252 
    240   7459        0     1       tick    1399430157    1978722209             -             0             - 
    241   7459        0     0       tick    1621633306    2001163599    2001175824    1621633306     137362225 
    242   7459        0     1       tick    3011139183    2010825416             -             0             - 
    243   7459        0     0       tick    2875722229    2009966307    2009971992    2875722229     424634936 
    244   7459        0     1       tick    2901283365    2010296400             -             0             - 
    245   7459        0     0       tick    3005049436    2010423416    2010419016    3005049436     438817973 
    246   7459        0     1       tick    3021853583    2010230830             -             0             - 
    247   7459        0     0       tick    2943842129    2010368560    2010351210    2943842129     434820119 
    248   7459        0     1       tick    2843269180    2010762530             -             0             - 
    249   7459        0     0       tick    2982723110    2010930907    2010944094    2982723110     438829469 
    250   7459        0     1       tick    3003830827    1995015350             -             0             - 
    251   7459        0     0       tick    3006479212    2010638128    2010666090    3006479212     440550210 
    252   7459        0     1       tick    2868591444    2009698781             -             0             - 
    253   7459        0     0       tick    2899992178    2010615216    2010618756    2899992178     427662521 
    254   7459        0     1       tick    3005170896    2010751405             -             0             - 
    255   7459        0     0       tick    1858644367    2005421980    2005417284    1858644367     230062438 
    256   7459        0     1       tick     783557365    1971628390             -             0             - 
    257   7459        0     0       tick    1414605602    1980032500    1979971530    1414605602      79434886 
    258   7459        0     1       tick    1430691367    2002376158             -             0             - 
    259   7459        0     0       tick    2416498193    1965874234    1965959238    2416498193     326947390 
    260   7459        0     1       tick    2796648361    2010542660             -             0             - 
    261   7459        0     0       tick    2946095068    2010763462    2010798294    2946095068     435941881 
    262   7459        0     1       tick    3013376383    2010888771             -             0             - 
    263   7459        0     0       tick    2876277479    2007896073    2009233302    2876277479     426451437 
    264   7459        0     1       tick    2849763042    2009515572             -             0             - 
    265   7459        0     0       tick    3009837166    2010193966    2010194634    3009837166     440305973 
    266   7459        0     1       tick    2960285563    2009922158             -             0             - 
    267   7459        0     0       tick    2777176975    2009380637    2009382876    2777176975     412556319 
    268   7459        0     1       tick    2997524124    2010968620             -             0             - 
    269   7459        0     0       tick    1198264158    1987043524    1987041354    1198264158     113637151 
    270   7459        0     1       tick     989513387    1965388241             -             0             - 
    271   7459        0     0       tick    1416722106    1978329053    1986294486    1416722106      79323314 
    272   7459        0     1       tick    1444818734    2002617221             -             0             - 
    273   7459        0     0       tick    2296809168    2004419775    2004474834    2296809168     298212357 
    274   7459        0     1       tick    2718574303    2009426022             -             0             - 
    275   7459        0     0       tick    2973654618    2010401664    2010402414    2973654618     440801251 
    276   7459        0     1       tick    2680445421    1991668631             -             0             - 
    277   7459        0     0       tick    2974545227    2009895419    2009916564    2974545227     440901923 
    278   7459        0     1       tick    2714084929    2008640806             -             0             - 
    279   7459        0     0       tick    1950605439    2005977102    2006002986    1950605439     252026432 
    280   7459        0     1       tick     753455021    1972418629             -             0             - 
    281   7459        0     0       tick    1410697561    1994722584    1994798820    1410697561      77067923 
    282   7459        0     1       tick    1429096623    1976969114             -             0             - 
    283   7459        0     0       tick    1798674563    1985875983    1985888472    1798674563     185609860 
    284   7459        0     1       tick    2673249779    2009406505             -             0             - 
    285   7459        0     0       tick    2648500651    2000170620    2001522774    2648500651     398457999 
    286   7459        0     1       tick    2667738874    2010133310             -             0             - 
    287   7459        0     0       tick    1383628485    1992992786    1995660384    1383628485     152228106 
    288   7459        0     1       tick     917071673    1966390602             -             0             - 
    289   7459        0     0       tick    1444524962    2002308998    2002320990    1444524962      83136844 
    290   7459        0     1       tick    1413701608    2002573948             -             0             - 
    291   7459        0     0       tick    1629481475    1994825681    2000875152    1629481475     145427784 
    292   7459        0     1       tick    2325133759    2007672361             -             0             - 
    293   7459        0     0       tick    2554240841    2007820648    2007884088    2554240841     381617942 
    294   7459        0     1       tick     681438030    1997757874             -             0             - 
    295   7459        0     0       tick    1137135392    1959950950    1959942120    1137135392      59863519 
    296   7459        0     1       tick    1444330311    2000976062             -             0             - 
    297   7459        0     0       tick    1414267321    2000649189    2000678232    1414267321      75613287 
    298   7459        0     1       tick    1482100681    2000810237             -             0             - 
    299   7459        0     0       tick    1792964446    2005041018    2005152216    1792964446     252046607 
    300   7459        0     1       tick     673655426    1974420494             -             0             - 
    301   7459        0     0       tick    1213046229    1969942463    1969911336    1213046229      67321027 
    302   7459        0     1       tick    1429401821    1997589918             -             0             - 
    303   7459        0     0       tick    1446594720    2002434180    2002461120    1446594720      83216882 
    304   7459        0     1       tick    1423118461    2000452103             -             0             - 
    305   7459        0     0       tick    1177461715    1986861631    1986895812    1177461715     127912671 
    306   7459        0     1       tick     750020446    1972525462             -             0             - 
    307   7459        0     0       tick    1397677203    1979451247    1979409630    1397677203      76041638 
    308   7459        0     1       tick    1445144423    2002785605             -             0             - 
    309   7459        0     0       tick    1435634381    1986201040    1986315846    1435634381      82793171 
    310   7459        0     1       tick    1368622868    1982188734             -             0             - 
    311   7459        0     0       tick     732253983    1985379657    1985373966     732253983      33277591 
    312   7459        0     1       tick    1057596215    1967352337             -             0             - 
    313   7459        0     0       tick    1445586389    2002171239    2002190226    1445586389      83178018 
    314   7459        0     1       tick    1429995915    2002477906             -             0             - 
    315   7459        0     0       tick    1410987920    1999948892    2000037330    1410987920      88301551 
    316   7459        0     1       tick    1052634889    2002016077             -             0             - 
    317   7459        0     0       tick     712838301    1991579365    1991590950     712838301      23187386 
    318   7459        0     1       tick    1380695190    1971236724             -             0             - 
    319   7459        0     0       tick    1445155070    2002059684    2002004592    1445155070      83161854 
    320   7459        0     1       tick    1413496699    2001980001             -             0             - 
    321   7459        0     0       tick    1307541294    1999639981    1999624410    1307541294     114249662 
    322   7459        0     1       tick     697244735    2001494406             -             0             - 
    323   7459        0     0       tick    1071415393    1965978112    1966055946    1071415393      59281380 
    324   7459        0     1       tick    1445319634    2002649602             -             0             - 
    325   7459        0     0       tick    1419851339    1984351370    1986340146    1419851339      79444193 
    326   7459        0     1       tick    1406550420    2000382712             -             0             - 
    327   7459        0     0       tick     986932054    2001492429    2001551430     986932054      82500819 
    328   7459        0     1       tick     704874185    1961179695             -             0             - 
    329   7459        0     0       tick    1393201174    1972293638    1974246078    1393201174      77610904 
    330   7459        0     1       tick    1438127004    1992449801             -             0             - 
    331   7459        0     0       tick    1396916720    1975590954    1986184422    1396916720      74942462 
    332   7459        0     1       tick    1297304220    1990174838             -             0             - 
    333   7459        0     0       tick     696801187    2001215832    2001231330     696801187      24392862 
    334   7459        0     1       tick    1068868743    1965982247             -             0             - 
    335   7459        0     0       tick    1444882631    2002027722    2002028478    1444882631      83150932 
    336   7459        0     1       tick    1438772840    2002590321             -             0             - 
    337   7459        0     0       tick    1399569480    1999917421    1999883862    1399569480      87829184 
    338   7459        0     1       tick     983940082    2001219883             -             0             - 
    339   7459        0     0       tick     710713532    1972230486    1972234116     710713532      31220802 
    340   7459        0     1       tick    1410245285    1994067269             -             0             - 
    341   7459        0     0       tick    1429445421    1976420935    1985778510    1429445421      82553581 
    342   7459        0     1       tick    1415448080    2002639865             -             0             - 
    343   7459        0     0       tick    1297229045    1999685064    1999661436    1297229045     114831212 
    344   7459        0     1       tick     679281993    2001158885             -             0             - 
    345   7459        0     0       tick    1095351821    1966315883    1966269132    1095351821      61221829 
    346   7459        0     1       tick    1440652142    2001505263             -             0             - 
    347   7459        0     0       tick    1441681726    2002104351    2002197204    1441681726      83027152 
    348   7459        0     1       tick    1311163255    1999793294             -             0             - 
    349   7459        0     0       tick     753263514    2000598256    2000559936     753263514      35697643 
    350   7459        0     1       tick    1001238391    1965625755             -             0             - 
    351   7459        0     0       tick    1417847640    1984430360    1986483096    1417847640      79366970 
    352   7459        0     1       tick    1430353575    1978078954             -             0             - 
    353   7459        0     0       tick    1339519165    1999121100    1999089396    1339519165      97417100 
    354   7459        0     1       tick     841149896    2000617051             -             0             - 
    355   7459        0     0       tick     885540606    1966347890    1966294458     885540606      45442993 
    356   7459        0     1       tick    1429168363    2002581434             -             0             - 
    357   7459        0     0       tick    1419940425    1985560715    1985544258    1419940425      79309571 
    358   7459        0     1       tick    1381404503    1999239114             -             0             - 
    359   7459        0     0       tick     922211250    2000736112    2000750124     922211250      69372705 
    360   7459        0     1       tick     768932293    1956238500             -             0             - 
    361   7459        0     0       tick    1415283193    1982874248    1986589410    1415283193      79461113 
    362   7459        0     1       tick    1426962995    1994368011             -             0             - 
    363   7459        0     0       tick    1416071284    1999050282    1999137948    1416071284      85791692 
    364   7459        0     1       tick    1005688973    2000866644             -             0             - 
    365   7459        0     0       tick     709504751    1988783254    1990119150     709504751      20502262 
    366   7459        0     1       tick    1374906547    1969950054             -             0             - 
    367   7459        0     0       tick    1435055085    2001655805    2001697674    1435055085      80556086 
    368   7459        0     1       tick    1418492757    1993620129             -             0             - 
    369   7459        0     0       tick    1095360886    1983286174    1983264708    1095360886     103238424 
    370   7459        0     1       tick     688579788    1998473112             -             0             - 
    371   7459        0     0       tick    1267830245    1968389666    1968345876    1267830245      71535824 
    372   7459        0     1       tick    1433825863    1985810940             -             0             - 
    373   7459        0     0       tick    1420586283    1983927250    1985949954    1420586283      79472487 
    374   7459        0     1       tick    1223675848    1999148431             -             0             - 
    375   7459        0     0       tick     678161703    1997800513    1997798772     678161703      21048431 
    376   7459        0     1       tick    1152595424    1953664755             -             0             - 
    377   7459        0     0       tick    1434284402    1985974007    1986033390    1434284402      82741224 
    378   7459        0     1       tick    1424780566    2002444364             -             0             - 
    379   7459        0     0       tick    1051051472    1999575384    1999583478    1051051472      99060362 
    380   7459        0     1       tick     698800490    1997892492             -             0             - 
    381   7459        0     0       tick    1313828256    1969550033    1969558146    1313828256      76574299 
    382   7459        0     1       tick    1420997507    1979915391             -             0             - 
    383   7459        0     0       tick    1381352167    1999754294    1999774110    1381352167      93535651 
    384   7459        0     1       tick     928505173    2001192310             -             0             - 
    385   7459        0     0       tick     771168410    1972212143    1972202502     771168410      34935641 
    386   7459        0     1       tick    1418280268    1986402719             -             0             - 
    387   7459        0     0       tick    1433241866    2002264834    2002245414    1433241866      79961883 
    388   7459        0     1       tick    1219594225    1999672078             -             0             - 
    389   7459        0     0       tick     678178610    1997087541    1996999608     678178610      21092737 
    390   7459        0     1       tick    1165491961    1969615356             -             0             - 
    391   7459        0     0       tick    1444374541    2001367101    2001481884    1444374541      83131412 
    392   7459        0     1       tick    1338061015    2000209928             -             0             - 
    393   7459        0     0       tick     826272908    1985422989    1985465130     826272908      51341117 
    394   7459        0     1       tick     886716562    1965777015             -             0             - 
    395   7459        0     0       tick    1435433665    2002307941    2002250700    1435433665      80650584 
    396   7459        0     1       tick    1423417481    2000880137             -             0             - 
    397   7459        0     0       tick    1097591147    1999147369    1999076628    1097591147     103218097 
    398   7459        0     1       tick     690166164    1998544330             -             0             - 
    399   7459        0     0       tick    1275878553    1969617197    1969569516    1275878553      72100259 
    400   7459        0     1       tick    1433155030    1984390547             -             0             - 
    401   7459        0     0       tick    1430032741    2002612189    2002648722    1430032741      79837656 
    402   7459        0     1       tick    1208536927    1999430627             -             0             - 
    403   7459        0     0       tick     678642754    1998138335    1998069882     678642754      21013218 
    404   7459        0     1       tick    1165691842    1953872528             -             0             - 
    405   7459        0     0       tick    1433276716    1978404911    1986422970    1433276716      82702128 
    406   7459        0     1       tick    1430033972    1999424475             -             0             - 
    407   7459        0     0       tick    1030851677    2002178205    2002243314    1030851677      95563637 
    408   7459        0     1       tick     701770665    1997475457             -             0             - 
    409   7459        0     0       tick    1315122218    1952594146    1952524458    1315122218      78274302 
    410   7459        0     1       tick    1414944039    1983971545             -             0             - 
    411   7459        0     0       tick    1438758290    2002347976    2002384680    1438758290      82913843 
    412   7459        0     1       tick    1153473891    1983384315             -             0             - 
    413   7459        0     0       tick     671883010    1978906726    1980868758     671883010      20558670 
    414   7459        0     1       tick    1198641035    1951941884             -             0             - 
    415   7459        0     0       tick    1429961702    2002475767    2002481004    1429961702      79835167 
    416   7459        0     1       tick    1420006211    1999757365             -             0             - 
    417   7459        0     0       tick    1014281403    2002028344    2002069674    1014281403      90782274 
    418   7459        0     1       tick     701016584    1980502824             -             0             - 
    419   7459        0     0       tick    1355057480    1968856237    1968897918    1355057480      83752798 
    420   7459        0     1       tick    1411270661    2002430353             -             0             - 
    421   7459        0     0       tick    1373022865    1999466467    1999546170    1373022865      97204476 
    422   7459        0     1       tick     896112798    1988739510             -             0             - 
    423   7459        0     0       tick     788919109    1956113166    1956135606     788919109      36226897 
    424   7459        0     1       tick    1419429851    1995154790             -             0             - 
    425   7459        0     0       tick    1427729470    2002372086    2002461684    1427729470      79748717 
    426   7459        0     1       tick    1321570338    1991740546             -             0             - 
    427   7459        0     0       tick     773674732    1983427391    1985314998     773674732      41122792 
    428   7459        0     1       tick     931226204    1949574770             -             0             - 
    429   7459        0     0       tick    1443232675    2002241220    2002261044    1443232675      83087000 
    430   7459        0     1       tick    1434678678    2002450952             -             0             - 
    431   7459        0     0       tick    1265840355    1999955562    1999979766    1265840355     110240722 
    432   7459        0     1       tick     659258421    1984210933             -             0             - 
    433   7459        0     0       tick    1109323926    1965646560    1965514386    1109323926      63647671 
    434   7459        0     1       tick    1417872879    1984033819             -             0             - 
    435   7459        0     0       tick    1438076551    2000966856    2001014538    1438076551      82887737 
    436   7459        0     1       tick    1160076429    1999259006             -             0             - 
    437   7459        0     0       tick     678014298    1997925371    1997875326     678014298      20604832 
    438   7459        0     1       tick    1221788908    1969806306             -             0             - 
    439   7459        0     0       tick    1428257482    2000875854    2000920470    1428257482      79769007 
    440   7459        0     1       tick    1441638164    2001540770             -             0             - 
    441   7459        0     0       tick    1245044581    1983151042    1983145848    1245044581     112818459 
    442   7459        0     1       tick     652734980    2000366944             -             0             - 
    443   7459        0     0       tick    1137587633    1949259514    1951243080    1137587633      66699791 
    444   7459        0     1       tick    1412766384    2002466252             -             0             - 
    445   7459        0     0       tick    1440243965    2002243507    2002269276    1440243965      82971553 
    446   7459        0     1       tick    1293500719    1985612608             -             0             - 
    447   7459        0     0       tick     726369690    2000687798    2000683278     726369690      30379131 
    448   7459        0     1       tick    1027607155    1965943008             -             0             - 
    449   7459        0     0       tick    1437392196    2001448350    2001481008    1437392196      82861661 
    450   7459        0     1       tick    1420523954    1986590596             -             0             - 
    451   7459        0     0       tick    1322956499    1983519486    1983469008    1322956499      99754582 
    452   7459        0     1       tick     818824218    2001349697             -             0             - 
    453   7459        0     0       tick     892809713    1947531378    1949466768     892809713      46312208 
    454   7459        0     1       tick    1441271154    2002231088             -             0             - 
    455   7459        0     0       tick    1397440832    1980621124    1986615222    1397440832      74962601 
    456   7459        0     1       tick    1378544918    1999812630             -             0             - 
    457   7459        0     0       tick     916964710    2001430262    2001401208     916964710      68451991 
    458   7459        0     1       tick     782144178    1972575762             -             0             - 
    459   7459        0     0       tick    1422260152    1995111872    1995186108    1422260152      79730990 
    460   7459        0     1       tick    1426824952    2002567619             -             0             - 
    461   7459        0     0       tick    1408587738    1999978622    1999882968    1408587738      87239632 
    462   7459        0     1       tick     997265388    2001539522             -             0             - 
    463   7459        0     0       tick     710155399    1988393008    1988360118     710155399      23678857 
    464   7459        0     1       tick    1382715783    1979125432             -             0             - 
    465   7459        0     0       tick    1441636691    2001519680    2001482964    1441636691      83025409 
    466   7459        0     1       tick    1342604509    2000230561             -             0             - 
    467   7459        0     0       tick     868577460    2001072802    2001100866     868577460      58880389 
    468   7459        0     1       tick     844837051    1965099542             -             0             - 
    469   7459        0     0       tick    1411898402    2001946982    2001976986    1411898402      75579585 
    470   7459        0     1       tick    1439716230    2002518706             -             0             - 
    471   7459        0     0       tick    1414739335    1986466640    1986487068    1414739335      79246512 
    472   7459        0     1       tick    1405050746    1993870498             -             0             - 
    473   7459        0     0       tick     998377450    1992759697    1992725826     998377450      86568197 
    474   7459        0     1       tick     712015382    1997023375             -             0             - 
    475   7459        0     0       tick    1370165425    1971099946    1971152616    1370165425      84516741 
    476   7459        0     1       tick    1414406236    1994274276             -             0             - 
    477   7459        0     0       tick    1430342940    2002338334    2002488180    1430342940      80708501 
    478   7459        0     1       tick    1106539353    1998801963             -             0             - 
    479   7459        0     0       tick     687089094    1997819241    1997803926     687089094      20592479 
    480   7459        0     1       tick    1262656734    1969873766             -             0             - 
    481   7459        0     0       tick    1436352470    2002535309    2002505778    1436352470      82820938 
    482   7459        0     1       tick    1428384134    2002775690             -             0             - 
    483   7459        0     0       tick    1220601499    1999313943    1999332174    1220601499     113360957 
    484   7459        0     1       tick     676070536    1991389337             -             0             - 
    485   7459        0     0       tick    1153241025    1968668977    1968682728    1153241025      60963959 
    486   7459        0     1       tick    1434075285    1993996453             -             0             - 
    487   7459        0     0       tick    1411009705    2002385966    2002338732    1411009705      75487443 
    488   7459        0     1       tick    1292122477    1999262108             -             0             - 
    489   7459        0     0       tick     679963294    2001018021    2000992272     679963294      20986597 
    490   7459        0     1       tick    1082344506    1966963197             -             0             - 
    491   7459        0     0       tick    1438772211    2002489289    2002527456    1438772211      82914511 
    492   7459        0     1       tick    1437022139    2002356541             -             0             - 
    493   7459        0     0       tick    1418964011    1991726586    1993714260    1418964011      79410137 
    494   7459        0     1       tick    1237360612    1999206682             -             0             - 
    495   7459        0     0       tick     678323390    1997065211    1997085192     678323390      21295873 
    496   7459        0     1       tick    1132064725    1955439906             -             0             - 
    497   7459        0     0       tick    1440820592    2002302835    2002396338    1440820592      82993722 
    498   7459        0     1       tick    1408793741    2001656100             -             0             - 
    499   7459        0     0       tick    1437768804    2000907322    2000906652    1437768804      82876353 
    500   7459        0     1       tick    1127616662    1990029791             -             0             - 
    501   7459        0     0       tick     680865807    1998382099    1998350646     680865807      20482960 
    502   7459        0     1       tick    1239329486    1970114401             -             0             - 
    503   7459        0     0       tick    1417495522    1996040106    2001999810    1417495522      79353224 
    504   7459        0     1       tick    1437986487    2002515748             -             0             - 
    505   7459        0     0       tick    1334242964    1999991100    2000031948    1334242964      99209836 
    506   7459        0     1       tick     819573146    1977494922             -             0             - 
    507   7459        0     0       tick     887257767    1965855947    1965779574     887257767      45640316 
    508   7459        0     1       tick    1413269081    1994282404             -             0             - 
    509   7459        0     0       tick    1427084459    2002310733    2002362930    1427084459      80306562 
    510   7459        0     1       tick    1434816024    2001726143             -             0             - 
    511   7459        0     0       tick    1159721174    1998912393    1998911238    1159721174     107568075 
    512   7459        0     1       tick     673496951    1982217486             -             0             - 
    513   7459        0     0       tick    1200328879    1953732862    1953803274    1200328879      67032472 
    514   7459        0     1       tick    1425366512    2002311890             -             0             - 
    515   7459        0     0       tick    1435882972    1995992085    2001934452    1435882972      82802910 
    516   7459        0     1       tick    1338097135    2000113811             -             0             - 
    517   7459        0     0       tick     856793135    2001107434    2001125688     856793135      56488001 
    518   7459        0     1       tick     862387214    1966375521             -             0             - 
    519   7459        0     0       tick    1396550327    1985970846    1985893062    1396550327      74928164 
    520   7459        0     1       tick    1437080443    2002733166             -             0             - 
    521   7459        0     0       tick    1425134598    2001949731    2001988944    1425134598      79648888 
    522   7459        0     1       tick    1197845455    1998651519             -             0             - 
    523   7459        0     0       tick     673532961    1981334895    1981319628     673532961      20899948 
    524   7459        0     1       tick    1160038831    1950795265             -             0             - 
    525   7459        0     0       tick    1436715284    1997695508    2001759996    1436715284      82834968 
    526   7459        0     1       tick    1425336987    2002591536             -             0             - 
    527   7459        0     0       tick    1352872404    1998582956    1998517080    1352872404      95704824 
    528   7459        0     1       tick     880234769    2000295524             -             0             - 
    529   7459        0     0       tick     821275371    1968164600    1968164736     821275371      38659302 
    530   7459        0     1       tick    1421450811    1999396392             -             0             - 
    531   7459        0     0       tick    1434226513    2002282445    2002312926    1434226513      82738856 
    532   7459        0     1       tick    1384903751    2000166140             -             0             - 
    533   7459        0     0       tick     972044448    2000514362    2000530002     972044448      79357241 
    534   7459        0     1       tick     718362815    1971551729             -             0             - 
    535   7459        0     0       tick    1403892431    1994547141    1994594802    1403892431      76281934 
    536   7459        0     1       tick    1421555049    1976776223             -             0             - 
    537   7459        0     0       tick    1408606628    2000877100    2000919522    1408606628      75394385 
    538   7459        0     1       tick    1076091396    1999080632             -             0             - 
    539   7459        0     0       tick     696074218    1998268204    1998226074     696074218      20504574 
    540   7459        0     1       tick    1281226698    1960992529             -             0             - 
    541   7459        0     0       tick    1436041828    2001747197    2001820830    1436041828      82809055 
    542   7459        0     1       tick    1427637493    2001437505             -             0             - 
    543   7459        0     0       tick    1192427857    1998489805    1998467514    1192427857     111134868 
    544   7459        0     1       tick     678689616    1997988364             -             0             - 
    545   7459        0     0       tick    1184050939    1969977224    1970013690    1184050939      63158051 
    546   7459        0     1       tick    1419594511    1982365773             -             0             - 
    547   7459        0     0       tick    1436459425    2000321294    2002345260    1436459425      82825073 
    548   7459        0     1       tick    1263439399    1998453711             -             0             - 
    549   7459        0     0       tick     659901209    2001207253    2001179574     659901209      16892552 
    550   7459        0     1       tick    1131924308    1966110903             -             0             - 
    551   7459        0     0       tick    1404249041    1994294280    1994343438    1404249041      75561071 
    552   7459        0     1       tick    1432039245    1993827396             -             0             - 
    553   7459        0     0       tick    1300573250    1983657417    1983640290    1300573250     104879378 
    554   7459        0     1       tick     749465544    1977480182             -             0             - 
    555   7459        0     0       tick     982375696    1966191986    1966103178     982375696      53931016 
    556   7459        0     1       tick    1425916893    2002144757             -             0             - 
    557   7459        0     0       tick    1437663703    2000757392    2000701434    1437663703      82871773 
    558   7459        0     1       tick    1328634841    1981697728             -             0             - 
    559   7459        0     0       tick     850882400    1984738511    1984696020     850882400      56020295 
    560   7459        0     1       tick     858678544    1965093013             -             0             - 
    561   7459        0     0       tick    1407969039    2002108519    2002234920    1407969039      75369988 
    562   7459        0     1       tick    1436224766    2002715879             -             0             - 
    563   7459        0     0       tick    1371868447    1982063127    1984135350    1371868447      90055886 
    564   7459        0     1       tick     947468187    1973631684             -             0             - 
    565   7459        0     0       tick     730364130    1968304228    1972260894     730364130      32517654 
    566   7459        0     1       tick    1403318847    1996126724             -             0             - 
    567   7459        0     0       tick    1429276773    1986211420    1986251820    1429276773      82547319 
    568   7459        0     1       tick    1418547576    2001088254             -             0             - 
    569   7459        0     0       tick    1047206663    1999120189    1999098948    1047206663      98359137 
    570   7459        0     1       tick     700833404    1998580838             -             0             - 
    571   7459        0     0       tick    1311658676    1969597257    1969646580    1311658676      76978832 
    572   7459        0     1       tick    1415015828    1983948423             -             0             - 
    573   7459        0     0       tick    1434602316    2002534236    2002568100    1434602316      82753260 
    574   7459        0     1       tick    1162475951    1982789117             -             0             - 
    575   7459        0     0       tick     678281957    1996935657    1996949640     678281957      20768066 
    576   7459        0     1       tick    1207429427    1969650235             -             0             - 
    577   7459        0     0       tick    1419715085    1993097307    1993193040    1419715085      79438927 
    578   7459        0     1       tick    1434408501    1994622042             -             0             - 
    579   7459        0     0       tick    1252596825    1983512745    1983420738    1252596825     111387325 
    580   7459        0     1       tick     650384831    2001223128             -             0             - 
    581   7459        0     0       tick    1145388524    1965668989    1965593190    1145388524      69569223 
    582   7459        0     1       tick    1407768770    2002112999             -             0             - 
    583   7459        0     0       tick    1436661460    2002070816    2002077312    1436661460      82832759 
    584   7459        0     1       tick    1308617731    1999552324             -             0             - 
    585   7459        0     0       tick     735816097    1992881899    1992911154     735816097      32765344 
    586   7459        0     1       tick    1008874671    1965598416             -             0             - 
    587   7459        0     0       tick    1422439926    2001256974    2001336528    1422439926      79544296 
    588   7459        0     1       tick    1439391624    2002543618             -             0             - 
    589   7459        0     0       tick    1324669696    1981634846    1983668778    1324669696      98169305 
    590   7459        0     1       tick     832819292    1994914925             -             0             - 
    591   7459        0     0       tick     885033614    1965687533    1965737424     885033614      45549376 
    592   7459        0     1       tick    1418000070    2001356441             -             0             - 
    593   7459        0     0       tick    1427204735    2002035203    2002081968    1427204735      80312588 
    594   7459        0     1       tick    1377843536    2000222533             -             0             - 
    595   7459        0     0       tick     926358715    2000682519    2000686032     926358715      70421654 
    596   7459        0     1       tick     752653571    1947502071             -             0             - 
    597   7459        0     0       tick    1417338945    1995024072    1995134580    1417338945      79540420 
    598   7459        0     1       tick    1419947545    1993537373             -             0             - 
    599   7459        0     0       tick    1417648814    1999416881    1999382256    1417648814      83243045 
    600   7459        0     1       tick    1017850574    2002341080             -             0             - 
    601   7459        0     0       tick     707424373    1998119209    1998078102     707424373      20432031 
    602   7459        0     1       tick    1353625092    1969813050             -             0             - 
    603   7459        0     0       tick    1407998129    2002058412    2002111392    1407998129      75370727 
    604   7459        0     1       tick    1437572247    2002557291             -             0             - 
    605   7459        0     0       tick    1111087899    1940887367    1951483176    1111087899     105687512 
    606   7459        0     1       tick     678480876    1998453593             -             0             - 
    607   7459        0     0       tick    1226985278    1968998121    1968995700    1226985278      68514872 
    608   7459        0     1       tick    1424164272    2002350519             -             0             - 
    609   7459        0     0       tick    1429655531    1985865343    1985851152    1429655531      82562092 
    610   7459        0     1       tick    1245614784    1983827219             -             0             - 
    611   7459        0     0       tick     650091711    2000494673    2000499156     650091711      15224512 
    612   7459        0     1       tick    1146887153    1967783747             -             0             - 
    613   7459        0     0       tick    1409255550    2002582843    2002609254    1409255550      75419609 
    614   7459        0     1       tick    1437084975    2002642690             -             0             - 
    615   7459        0     0       tick    1296241251    1990582129    1991870184    1296241251     108756386 
    616   7459        0     1       tick     726821412    2001516331             -             0             - 
    617   7459        0     0       tick    1023197350    1965302100    1965328404    1023197350      56517566 
    618   7459        0     1       tick    1432672818    2002186904             -             0             - 
    619   7459        0     0       tick    1429826514    2001796664    2001850398    1429826514      80533218 
    620   7459        0     1       tick    1332094834    1999927065             -             0             - 
    621   7459        0     0       tick     816497333    2001483463    2001502584     816497333      48556405 
    622   7459        0     1       tick     905303769    1966017188             -             0             - 
    623   7459        0     0       tick    1438345301    2002159158    2002166682    1438345301      82898130 
    624   7459        0     1       tick    1397226453    1986665455             -             0             - 
    625   7459        0     0       tick    1293654639    1991164611    1991119110    1293654639     112189685 
    626   7459        0     1       tick     693774599    1974449854             -             0             - 
    627   7459        0     0       tick    1033020335    1948039331    1949339124    1033020335      57319866 
    628   7459        0     1       tick    1433569749    2001787716             -             0             - 
    629   7459        0     0       tick    1426636121    2001901269    2001905946    1426636121      79707080 
    630   7459        0     1       tick    1227429532    1999810862             -             0             - 
    631   7459        0     0       tick     674507135    1988503695    1989183930     674507135      21130226 
    632   7459        0     1       tick    1144126780    1969941307             -             0             - 
    633   7459        0     0       tick    1438888127    2002173619    2002198326    1438888127      82918735 
    634   7459        0     1       tick    1408899999    2002248376             -             0             - 
    635   7459        0     0       tick    1294254106    1999829886    1999789470    1294254106     114217429 
    636   7459        0     1       tick     682501831    1988298768             -             0             - 
    637   7459        0     0       tick    1066469165    1966152233    1966133322    1066469165      59053470 
    638   7459        0     1       tick    1437329012    2002701366             -             0             - 
    639   7459        0     0       tick    1424923149    2002323130    2002268394    1424923149      79640452 
    640   7459        0     1       tick    1324646263    1999226082             -             0             - 
    641   7459        0     0       tick     779939944    2001113859    2001111618     779939944      41254080 
    642   7459        0     1       tick     947227756    1966075065             -             0             - 
    643   7459        0     0       tick    1425274408    1985573271    1985581212    1425274408      82392544 
    644   7459        0     1       tick    1433958171    2000720081             -             0             - 
    645   7459        0     0       tick    1255039121    1982750008    1982697606    1255039121     109407095 
    646   7459        0     1       tick     669525320    2000738375             -             0             - 
    647   7459        0     0       tick    1091247062    1955991168    1957535892    1091247062      61682261 
    648   7459        0     1       tick    1431689049    2002521389             -             0             - 
    649   7459        0     0       tick    1434499789    2002149275    2002128324    1434499789      82749165 
    650   7459        0     1       tick    1157839117    1977857397             -             0             - 
    651   7459        0     0       tick     677460002    1997453076    1997446812     677460002      20755563 
    652   7459        0     1       tick    1198321151    1969654612             -             0             - 
    653   7459        0     0       tick    1418771139    1985487472    1985566128    1418771139      79813850 
    654   7459        0     1       tick    1420530279    1999804041             -             0             - 
    655   7459        0     0       tick    1022097790    2001914776    2001928710    1022097790      93546476 
    656   7459        0     1       tick     704379467    1998285800             -             0             - 
    657   7459        0     0       tick    1321917870    1941702241    1952219400    1321917870      81384406 
    658   7459        0     1       tick    1412182763    2002459738             -             0             - 
    659   7459        0     0       tick    1367297065    1984055031    1984613646    1367297065      93881887 
    660   7459        0     1       tick     924234557    2001535811             -             0             - 
    661   7459        0     0       tick     769881961    1971836311    1971749478     769881961      34928378 
    662   7459        0     1       tick    1417163062    1995597383             -             0             - 
    663   7459        0     0       tick    1424508171    2001966086    2001948654    1424508171      79624276 
    664   7459        0     1       tick    1327720805    1999987564             -             0             - 
    665   7459        0     0       tick     802135638    2001133705    2001142590     802135638      45633469 
    666   7459        0     1       tick     904739195    1940807508             -             0             - 
    667   7459        0     0       tick    1439220094    2002180258    2002213866    1439220094      82931831 
    668   7459        0     1       tick    1404440529    1996050253             -             0             - 
    669   7459        0     0       tick    1296813134    1999797494    1999815684    1296813134     113965481 
    670   7459        0     1       tick     689463828    2001272967             -             0             - 
    671   7459        0     0       tick    1068160421    1966150818    1966126692    1068160421      59174118 
    672   7459        0     1       tick    1436859870    2002172107             -             0             - 
    673   7459        0     0       tick    1424081711    2001811866    2001912144    1424081711      79607913 
    674   7459        0     1       tick    1192411823    1983245808             -             0             - 
    675   7459        0     0       tick     675300964    1990008677    1990010502     675300964      20912654 
    676   7459        0     1       tick    1155432294    1952898108             -             0             - 
    677   7459        0     0       tick    1439968271    2002411313    2002438656    1439968271      82960764 
    678   7459        0     1       tick    1423129640    2002232936             -             0             - 
    679   7459        0     0       tick    1038992561    1998693913    1998716262    1038992561      97345914 
    680   7459        0     1       tick     699666941    1998346466             -             0             - 
    681   7459        0     0       tick    1297668417    1953803250    1953822528    1297668417      75495844 
    682   7459        0     1       tick    1430431510    2002604248             -             0             - 
    683   7459        0     0       tick    1368223533    1983801825    1983828726    1368223533      92162042 
    684   7459        0     1       tick     937796034    2001852164             -             0             - 
    685   7459        0     0       tick     754315718    1969884786    1969933122     754315718      34054373 
    686   7459        0     1       tick    1416164394    1994914699             -             0             - 
    687   7459        0     0       tick    1420655840    1993024668    2000957496    1420655840      79475691 
    688   7459        0     1       tick    1331644911    1998808465             -             0             - 
    689   7459        0     0       tick     815984925    2000700739    2000747598     815984925      48277260 
    690   7459        0     1       tick     907140206    1966118767             -             0             - 
    691   7459        0     0       tick    1423397329    1986252389    1986259626    1423397329      82319829 
    692   7459        0     1       tick    1406141731    1998986947             -             0             - 
    693   7459        0     0       tick    1300629670    1999459099    1999400718    1300629670     112570539 
    694   7459        0     1       tick     694657657    1984955447             -             0             - 
    695   7459        0     0       tick    1051739951    1966397779    1966430904    1051739951      58222245 
    696   7459        0     1       tick    1437940846    2002737090             -             0             - 
    697   7459        0     0       tick    1414114138    1986239848    1994166240    1414114138      79222206 
    698   7459        0     1       tick    1220459434    1999070243             -             0             - 
    699   7459        0     0       tick     677814869    1997129072    1997106192     677814869      21072936 
    700   7459        0     1       tick    1158076454    1969274204             -             0             - 
    701   7459        0     0       tick    1438507143    2002328085    2002325772    1438507143      82904261 
    702   7459        0     1       tick    1418377297    2002728828             -             0             - 
    703   7459        0     0       tick    1050572048    1998900652    1998886884    1050572048      99104068 
    704   7459        0     1       tick     699056159    1998124218             -             0             - 
    705   7459        0     0       tick    1305767424    1969813504    1969899498    1305767424      75921901 
    706   7459        0     1       tick    1428605497    2001694849             -             0             - 
    707   7459        0     0       tick    1365712153    1981996642    1983918366    1365712153      91956970 
    708   7459        0     1       tick     937208750    2001534685             -             0             - 
    709   7459        0     0       tick     754117892    1966539188    1972488366     754117892      34039148 
    710   7459        0     1       tick    1417139465    1996007482             -             0             - 
    711   7459        0     0       tick    1417033820    1986457911    1986563394    1417033820      79335242 
    712   7459        0     1       tick    1331949908    1999576493             -             0             - 
    713   7459        0     0       tick     816588343    2001185274    2001209100     816588343      48301297 
    714   7459        0     1       tick     902345611    1957895321             -             0             - 
    715   7459        0     0       tick    1437816437    2002007451    2002052808    1437816437      82877679 
    716   7459        0     1       tick    1408145977    2002352938             -             0             - 
    717   7459        0     0       tick    1297317780    1998606510    1998620484    1297317780     112825866 
    718   7459        0     1       tick     693866040    2000883465             -             0             - 
    719   7459        0     0       tick    1063148608    1966551009    1966452912    1063148608      58862119 
    720   7459        0     1       tick    1423575095    1980489839             -             0             - 
    721   7459        0     0       tick    1423159904    2002181184    2002260030    1423159904      79571880 
    722   7459        0     1       tick    1328197793    1999887744             -             0             - 
    723   7459        0     0       tick     788550809    2001136891    2001133704     788550809      42752283 
    724   7459        0     1       tick     928449840    1950145404             -             0             - 
    725   7459        0     0       tick    1439170849    2002410147    2002408938    1439170849      82930186 
    726   7459        0     1       tick    1420821807    2001881825             -             0             - 
    727   7459        0     0       tick    1273300095    1991038497    1991097060    1273300095     112537516 
    728   7459        0     1       tick     672691355    2000697650             -             0             - 
    729   7459        0     0       tick    1097483061    1966421837    1966441344    1097483061      62143658 
    730   7459        0     1       tick    1429110095    2002610166             -             0             - 
    731   7459        0     0       tick    1429287244    1993415659    1993419402    1429287244      82547853 
    732   7459        0     1       tick    1167800759    1999427832             -             0             - 
    733   7459        0     0       tick     677519112    1997238043    1997184996     677519112      20720471 
    734   7459        0     1       tick    1207969543    1969478124             -             0             - 
    735   7459        0     0       tick    1426521652    2002176550    2002204290    1426521652      79701881 
    736   7459        0     1       tick    1437590731    2002125484             -             0             - 
    737   7459        0     0       tick    1257150909    1998604373    1998642456    1257150909     112282390 
    738   7459        0     1       tick     634660588    1976898928             -             0             - 
    739   7459        0     0       tick    1144578502    1965003513    1965083268    1144578502      69544165 
    740   7459        0     1       tick    1408250501    2002445530             -             0             - 
    741   7459        0     0       tick    1437848698    2002357051    2002369206    1437848698      82878797 
    742   7459        0     1       tick    1137015593    1999045033             -             0             - 
    743   7459        0     0       tick     679960699    1998245607    1998276594     679960699      20576423 
    744   7459        0     1       tick    1237947530    1969910119             -             0             - 
    745   7459        0     0       tick    1411570282    1986321293    1986345768    1411570282      79124090 
    746   7459        0     1       tick    1407426274    2000101093             -             0             - 
    747   7459        0     0       tick     999680676    2001499008    2001459438     999680676      86138440 
    748   7459        0     1       tick     710577350    1992780136             -             0             - 
    749   7459        0     0       tick    1369683946    1967105670    1967138760    1369683946      83017416 
    750   7459        0     1       tick    1422531438    2002560385             -             0             - 
    751   7459        0     0       tick    1345802035    1983959826    1983908640    1345802035      95321276 
    752   7459        0     1       tick     885941027    2001705768             -             0             - 
    753   7459        0     0       tick     808287031    1972715772    1972679934     808287031      37426326 
    754   7459        0     1       tick    1420978042    1996084775             -             0             - 
    755   7459        0     0       tick    1424470093    1986478534    1986474972    1424470093      82361700 
    756   7459        0     1       tick    1302915141    1983706664             -             0             - 
    757   7459        0     0       tick     774401925    2001182456    2001164742     774401925      40087168 
    758   7459        0     1       tick     947300743    1957716328             -             0             - 
    759   7459        0     0       tick    1438744016    2002373647    2002497390    1438744016      82913420 
    760   7459        0     1       tick    1438306086    2002832548             -             0             - 
    761   7459        0     0       tick    1258407822    1999681198    1999672272    1258407822     110347830 
    762   7459        0     1       tick     655844458    2000433459             -             0             - 
    763   7459        0     0       tick    1134731684    1964592217    1964588196    1134731684      69012539 
    764   7459        0     1       tick    1408786974    2002593359             -             0             - 
    765   7459        0     0       tick    1437715273    2002519071    2002482138    1437715273      82873767 
    766   7459        0     1       tick    1145598588    1999336422             -             0             - 
    767   7459        0     0       tick     677745671    1998119551    1998085470     677745671      20565236 
    768   7459        0     1       tick    1224877900    1967797815             -             0             - 
    769   7459        0     0       tick    1413229691    1984248086    1986304290    1413229691      79187879 
    770   7459        0     1       tick    1410884013    1999678888             -             0             - 
    771   7459        0     0       tick    1008055160    2001503035    2001511050    1008055160      89000445 
    772   7459        0     1       tick     709876562    1998617189             -             0             - 
    773   7459        0     0       tick    1360457130    1968659869    1968663870    1360457130      84442184 
    774   7459        0     1       tick    1396711030    1983834693             -             0             - 
    775   7459        0     0       tick    1372564142    1999913325    1999945236    1372564142      97695793 
    776   7459        0     1       tick     892590330    1985880614             -             0             - 
    777   7459        0     0       tick     795670507    1972740125    1972677390     795670507      36530211 
    778   7459        0     1       tick    1413026289    1992183223             -             0             - 
    779   7459        0     0       tick    1409209922    1978309056    1986371496    1409209922      79032688 
    780   7459        0     1       tick    1325269439    1998655708             -             0             - 
    781   7459        0     0       tick     789890511    2000702283    2000682402     789890511      43286552 
    782   7459        0     1       tick     934184754    1966491968             -             0             - 
    783   7459        0     0       tick    1440825221    2002455294    2002516722    1440825221      82994030 
    784   7459        0     1       tick    1425689112    2002802208             -             0             - 
    785   7459        0     0       tick    1271105356    1999710122    1999746834    1271105356     111714633 
    786   7459        0     1       tick     663317050    1985514589             -             0             - 
    787   7459        0     0       tick    1095323354    1966512206    1966449564    1095323354      61885142 
    788   7459        0     1       tick    1430610301    2002721910             -             0             - 
    789   7459        0     0       tick    1424398458    1986315370    1994329866    1424398458      82358543 
    790   7459        0     1       tick    1171055871    1999107320             -             0             - 
    791   7459        0     0       tick     677727888    1998122732    1998136620     677727888      20765776 
    792   7459        0     1       tick    1203060763    1970108876             -             0             - 
    793   7459        0     0       tick    1425794304    2002423354    2002476402    1425794304      79674397 
    794   7459        0     1       tick    1418157623    1999419241             -             0             - 
    795   7459        0     0       tick    1017674336    2000812368    2000820108    1017674336      92141096 
    796   7459        0     1       tick     705892620    1998262874             -             0             - 
    797   7459        0     0       tick    1349335452    1969428328    1969477752    1349335452      83494358 
    798   7459        0     1       tick    1407430489    2002544322             -             0             - 
    799   7459        0     0       tick    1372509789    1999462761    1999494798    1372509789      96420795 
    800   7459        0     1       tick     905185118    2001693451             -             0             - 
    801   7459        0     0       tick     792171610    1972777557    1972708578     792171610      36242197 
    802   7459        0     1       tick    1401851285    1971767564             -             0             - 
    803   7459        0     0       tick    1424244224    2002405267    2002459836    1424244224      79614067 
    804   7459        0     1       tick    1317375443    1984093823             -             0             - 
    805   7459        0     0       tick     792926387    2001043375    2001002382     792926387      43782411 
    806   7459        0     1       tick     932245731    1966473940             -             0             - 
    807   7459        0     0       tick    1438782547    2002368636    2002385436    1438782547      82915039 
    808   7459        0     1       tick    1404541184    1985239606             -             0             - 
    809   7459        0     0       tick    1271351983    1980678944    1982742792    1271351983     112216898 
    810   7459        0     1       tick     682761014    2000963877             -             0             - 
    811   7459        0     0       tick    1063882177    1948482033    1948480926    1063882177      59155663 
    812   7459        0     1       tick    1436590926    2000993613             -             0             - 
    813   7459        0     0       tick    1425719439    2001514652    2001545040    1425719439      79908199 
    814   7459        0     1       tick    1193156373    1999719885             -             0             - 
    815   7459        0     0       tick     677444158    1997341240    1997304300     677444158      20837801 
    816   7459        0     1       tick    1180196833    1969618079             -             0             - 
    817   7459        0     0       tick    1437134614    2001860794    2001745038    1437134614      82851314 
    818   7459        0     1       tick    1422470981    1999655026             -             0             - 
    819   7459        0     0       tick    1026377138    2001959515    2001910392    1026377138      94680763 
    820   7459        0     1       tick     696936926    1980881644             -             0             - 
    821   7459        0     0       tick    1330289801    1969028538    1969038204    1330289801      81090208 
    822   7459        0     1       tick    1413263575    2002147438             -             0             - 
    823   7459        0     0       tick    1375824637    2000003231    1999966500    1375824637      94592490 
    824   7459        0     1       tick     921607618    2001362747             -             0             - 
    825   7459        0     0       tick     775793842    1972702698    1972626756     775793842      35255358 
    826   7459        0     1       tick    1415896865    1994487462             -             0             - 
    827   7459        0     0       tick    1425218814    2000477177    2000484984    1425218814      79651627 
    828   7459        0     1       tick    1328056504    1998998846             -             0             - 
    829   7459        0     0       tick     789289188    1976779655    1984695402     789289188      44405643 
    830   7459        0     1       tick     913859116    1957512869             -             0             - 
    831   7459        0     0       tick    1437007683    1999734407    2001055020    1437007683      82846404 
    832   7459        0     1       tick    1409068931    2002530637             -             0             - 
    833   7459        0     0       tick    1295510052    1999635381    1999602576    1295510052     114330133 
    834   7459        0     1       tick     679719302    1985287498             -             0             - 
    835   7459        0     0       tick    1068545012    1965952202    1965885354    1068545012      59186952 
    836   7459        0     1       tick    1437382714    2002705996             -             0             - 
    837   7459        0     0       tick    1425208512    2002535528    2002573974    1425208512      79665305 
    838   7459        0     1       tick    1195003069    1998897143             -             0             - 
    839   7459        0     0       tick     678329105    1998191016    1998169950     678329105      20926164 
    840   7459        0     1       tick    1177954448    1964701625             -             0             - 
    841   7459        0     0       tick    1426404736    1985797028    1985785566    1426404736      82436384 
    842   7459        0     1       tick    1411866709    1977431784             -             0             - 
    843   7459        0     0       tick    1038234224    1999573152    1999513044    1038234224      97024039 
    844   7459        0     1       tick     700324505    1998560544             -             0             - 
    845   7459        0     0       tick    1313712753    1970009634    1970044374    1313712753      77249475 
    846   7459        0     1       tick    1417059169    1986702419             -             0             - 
    847   7459        0     0       tick    1296116860    1991855403    1991910258    1296116860     109628432 
    848   7459        0     1       tick     714842449    1986178137             -             0             - 
    849   7459        0     0       tick    1022038226    1957658737    1957681506    1022038226      56468363 
    850   7459        0     1       tick    1432515268    2001180853             -             0             - 
    851   7459        0     0       exit    1285905514    1799859637    1799960442    1285905514      72052578 
