[Event-to-counter mappings]
pmc0=instr_retired_fixed(0),instr(1)
pmc1=unhalted_core_cycles_fixed(0),cycles(1)
pmc3=llc_misses(0)
[Event counts]
nsample    pid coretype expid      event          pmc0          pmc1          pmc3
      1   2114        0     0       tick     753861332    1357634536     753861332 
      2   2114        0     1       tick     729388502    1924644827             - 
      3   2114        0     0       tick    1158946718    1917110761    1158946718 
      4   2114        0     1       tick    1178913139    1934224263             - 
      5   2114        0     0       tick     760818761    1979456177     760818761 
      6   2114        0     1       tick    1324085506    1960579858             - 
      7   2114        0     0       tick    2674592349    2002501303    2674592349 
      8   2114        0     1       tick    2823977263    1992674128             - 
      9   2114        0     0       tick    2889108412    1991402500    2889108412 
     10   2114        0     1       tick    2829971188    2008660200             - 
     11   2114        0     0       tick    2210331462    2006082987    2210331462 
     12   2114        0     1       tick     794361080    1951168898             - 
     13   2114        0     0       tick    1415151097    1977296485    1415151097 
     14   2114        0     1       tick    2965700851    2009810125             - 
     15   2114        0     0       tick    2977769061    2010367698    2977769061 
     16   2114        0     1       tick    2872897728    2010364219             - 
     17   2114        0     0       tick    2996912780    2010532000    2996912780 
     18   2114        0     1       tick    2829893908    2009594556             - 
     19   2114        0     0       tick    3008647562    2010977169    3008647562 
     20   2114        0     1       tick    2014434295    2006635186             - 
     21   2114        0     0       tick     851118944    1973058928     851118944 
     22   2114        0     1       tick    1590711850    1994865424             - 
     23   2114        0     0       tick    2972368473    2010566569    2972368473 
     24   2114        0     1       tick    2961625009    2010303899             - 
     25   2114        0     0       tick    2909873818    2010144312    2909873818 
     26   2114        0     1       tick    2942699578    2011048763             - 
     27   2114        0     0       tick    2877980696    1994473385    2877980696 
     28   2114        0     1       tick    2950130339    1995172487             - 
     29   2114        0     0       tick    2952499971    2010825241    2952499971 
     30   2114        0     1       tick    1707905994    2005633759             - 
     31   2114        0     0       tick     927519865    1953224706     927519865 
     32   2114        0     1       tick    1438184558    1999934108             - 
     33   2114        0     0       tick    2758631875    2010687165    2758631875 
     34   2114        0     1       tick    2952386598    1989139070             - 
     35   2114        0     0       tick    3009515193    2010953597    3009515193 
     36   2114        0     1       tick    2934971793    2010758690             - 
     37   2114        0     0       tick    2995216624    2010939582    2995216624 
     38   2114        0     1       tick    2996319906    2010803371             - 
     39   2114        0     0       tick    2921982819    2010568688    2921982819 
     40   2114        0     1       tick    2993661565    2010980728             - 
     41   2114        0     0       tick    3000503234    2010914498    3000503234 
     42   2114        0     1       tick    2999200836    2008085762             - 
     43   2114        0     0       tick     931156389    2002356757     931156389 
     44   2114        0     1       tick    1177668833    1967344612             - 
     45   2114        0     0       tick    1726532515    2002193345    1726532515 
     46   2114        0     1       tick    2946929689    1995201441             - 
     47   2114        0     0       tick    2992570841    2010982668    2992570841 
     48   2114        0     1       tick    3013602264    2011164462             - 
     49   2114        0     0       tick    2985846283    2011056132    2985846283 
     50   2114        0     1       tick    2931262805    2002023603             - 
     51   2114        0     0       tick    3012354501    2010805936    3012354501 
     52   2114        0     1       tick    3026817023    2011268361             - 
     53   2114        0     0       tick    2993690952    2010551098    2993690952 
     54   2114        0     1       tick    2940544731    2010475580             - 
     55   2114        0     0       tick    2993415121    2010659521    2993415121 
     56   2114        0     1       tick    3032030984    2010873400             - 
     57   2114        0     0       tick    3017708964    2011148450    3017708964 
     58   2114        0     1       tick    2694078807    2009196512             - 
     59   2114        0     0       tick     698384919    1986414884     698384919 
     60   2114        0     1       tick    1271016900    1970706681             - 
     61   2114        0     0       tick    1529012848    2001213335    1529012848 
     62   2114        0     1       tick    2953111352    1994672052             - 
     63   2114        0     0       tick    2992452290    2010753883    2992452290 
     64   2114        0     1       tick    2992913376    2010310153             - 
     65   2114        0     0       tick    2991226540    2010231747    2991226540 
     66   2114        0     1       tick    2934372928    2010424527             - 
     67   2114        0     0       tick    2987710327    2010440735    2987710327 
     68   2114        0     1       tick    2991942688    2010391026             - 
     69   2114        0     0       tick    2987178039    2010163881    2987178039 
     70   2114        0     1       tick    2971054219    2004360287             - 
     71   2114        0     0       tick    2915408810    2000266442    2915408810 
     72   2114        0     1       tick    2961850925    1995057091             - 
     73   2114        0     0       tick    2981790812    1995006167    2981790812 
     74   2114        0     1       tick    3000335869    2010977883             - 
     75   2114        0     0       tick    2990132845    2010389493    2990132845 
     76   2114        0     1       tick    1313971575    2003978275             - 
     77   2114        0     0       tick     983356061    1957627625     983356061 
     78   2114        0     1       tick    1446970766    2002326745             - 
     79   2114        0     0       tick    2395948940    1984091156    2395948940 
     80   2114        0     1       tick    2994500718    2011065781             - 
     81   2114        0     0       tick    2969338343    1995039641    2969338343 
     82   2114        0     1       tick    2999006810    2011183776             - 
     83   2114        0     0       tick    2988491267    2010524468    2988491267 
     84   2114        0     1       tick    2982011579    2010360816             - 
     85   2114        0     0       tick    2972189280    2002068349    2972189280 
     86   2114        0     1       tick    3002742258    2010813446             - 
     87   2114        0     0       tick    2981628483    2010536164    2981628483 
     88   2114        0     1       tick    3000408360    2009810685             - 
     89   2114        0     0       tick    2993985785    2010156128    2993985785 
     90   2114        0     1       tick    2985646161    2001777371             - 
     91   2114        0     0       tick    3005821091    2011091881    3005821091 
     92   2114        0     1       tick    3003587680    2010804236             - 
     93   2114        0     0       tick    2970249507    1996698162    2970249507 
     94   2114        0     1       tick    2998728607    2010546379             - 
     95   2114        0     0       tick    2990187471    2011065532    2990187471 
     96   2114        0     1       tick    2991931601    2011212950             - 
     97   2114        0     0       tick    1590342157    1989267788    1590342157 
     98   2114        0     1       tick     886732591    1959121181             - 
     99   2114        0     0       tick    1431895152    2002563504    1431895152 
    100   2114        0     1       tick    2212273830    1986853072             - 
    101   2114        0     0       tick    2990930602    2010399691    2990930602 
    102   2114        0     1       tick    2995602586    2011050716             - 
    103   2114        0     0       tick    2988599074    2011019890    2988599074 
    104   2114        0     1       tick    2998705808    2011002811             - 
    105   2114        0     0       tick    3006936691    2011102158    3006936691 
    106   2114        0     1       tick    3009710304    2011252673             - 
    107   2114        0     0       tick    2999139308    2010874756    2999139308 
    108   2114        0     1       tick    2985854144    2007032075             - 
    109   2114        0     0       tick    2990304318    2011016116    2990304318 
    110   2114        0     1       tick    3000534838    2010959347             - 
    111   2114        0     0       tick    3001804935    2010984298    3001804935 
    112   2114        0     1       tick    3011622967    2011163535             - 
    113   2114        0     0       tick    3012686352    2010991267    3012686352 
    114   2114        0     1       tick    3006323419    2011212219             - 
    115   2114        0     0       tick    3009452273    2011027812    3009452273 
    116   2114        0     1       tick    2982783599    2010706319             - 
    117   2114        0     0       tick    2992475552    2010254050    2992475552 
    118   2114        0     1       tick    3009643136    2010443744             - 
    119   2114        0     0       tick    3004233422    2010319390    3004233422 
    120   2114        0     1       tick    2307675481    2007584907             - 
    121   2114        0     0       tick     719135892    1998265306     719135892 
    122   2114        0     1       tick    1372171072    1971007476             - 
    123   2114        0     0       tick    1434581421    2002516025    1434581421 
    124   2114        0     1       tick    2765514722    1992268470             - 
    125   2114        0     0       tick    2993385251    2011035611    2993385251 
    126   2114        0     1       tick    2983148895    2011230093             - 
    127   2114        0     0       tick    2963706033    2011104977    2963706033 
    128   2114        0     1       tick    3000920633    2010294868             - 
    129   2114        0     0       tick    3020338995    2011199641    3020338995 
    130   2114        0     1       tick    3020005298    2011283700             - 
    131   2114        0     0       tick    3013431163    2010600015    3013431163 
    132   2114        0     1       tick    2998542705    2002590892             - 
    133   2114        0     0       tick    2989905668    2010912384    2989905668 
    134   2114        0     1       tick    2977782209    2010993245             - 
    135   2114        0     0       tick    2984431049    2011102631    2984431049 
    136   2114        0     1       tick    2992185288    2011267115             - 
    137   2114        0     0       tick    2976364414    1992913431    2976364414 
    138   2114        0     1       tick    3007702747    2011095052             - 
    139   2114        0     0       tick    3016578767    2011030907    3016578767 
    140   2114        0     1       tick    2992586106    2010813378             - 
    141   2114        0     0       tick    2984034039    2011077943    2984034039 
    142   2114        0     1       tick    2975064658    1994672952             - 
    143   2114        0     0       tick    3008081195    2010149183    3008081195 
    144   2114        0     1       tick    2971056339    1993033654             - 
    145   2114        0     0       tick     701816366    1984292378     701816366 
    146   2114        0     1       tick    1170341318    1968610541             - 
    147   2114        0     0       tick    1452003069    2002395778    1452003069 
    148   2114        0     1       tick    2275677388    2004692404             - 
    149   2114        0     0       tick    3009721610    2010098439    3009721610 
    150   2114        0     1       tick    2973234852    1992397638             - 
    151   2114        0     0       tick    2952246096    2010691674    2952246096 
    152   2114        0     1       tick    2940888666    1988609822             - 
    153   2114        0     0       tick    3017152998    2011087722    3017152998 
    154   2114        0     1       tick    2986976606    2010615041             - 
    155   2114        0     0       tick    3002954956    2010748447    3002954956 
    156   2114        0     1       tick    3015253416    2011172806             - 
    157   2114        0     0       tick    3011741731    2011055459    3011741731 
    158   2114        0     1       tick    2925731183    1994839377             - 
    159   2114        0     0       tick    2964924373    2010496325    2964924373 
    160   2114        0     1       tick    3014002974    2010389239             - 
    161   2114        0     0       tick    2988461974    2004193023    2988461974 
    162   2114        0     1       tick    2987494727    2002947797             - 
    163   2114        0     0       tick    3008449414    2011017550    3008449414 
    164   2114        0     1       tick    2998209802    2010776783             - 
    165   2114        0     0       tick    2952335761    2010570710    2952335761 
    166   2114        0     1       tick    2972700545    2010475293             - 
    167   2114        0     0       tick    3014321851    2010609365    3014321851 
    168   2114        0     1       tick    3016767353    2011208783             - 
    169   2114        0     0       tick    2183873851    2007519628    2183873851 
    170   2114        0     1       tick     712760347    1970514719             - 
    171   2114        0     0       tick    1395753667    1976493779    1395753667 
    172   2114        0     1       tick    1434224388    1999887544             - 
    173   2114        0     0       tick    2853275612    1999296883    2853275612 
    174   2114        0     1       tick    2994033416    1995151561             - 
    175   2114        0     0       tick    2971213038    2011051224    2971213038 
    176   2114        0     1       tick    2947263531    2011131529             - 
    177   2114        0     0       tick    2981914034    2011164124    2981914034 
    178   2114        0     1       tick    3020819601    2011287208             - 
    179   2114        0     0       tick    3003122813    2010912515    3003122813 
    180   2114        0     1       tick    3011657111    2011251367             - 
    181   2114        0     0       tick    3015233946    2011131833    3015233946 
    182   2114        0     1       tick    2931587189    1995018899             - 
    183   2114        0     0       tick    2963975488    2010549738    2963975488 
    184   2114        0     1       tick    2993493950    2010052715             - 
    185   2114        0     0       tick    3015325374    2010626809    3015325374 
    186   2114        0     1       tick    3015244991    2011265208             - 
    187   2114        0     0       tick    3009289674    2010813329    3009289674 
    188   2114        0     1       tick    2979259347    1994410698             - 
    189   2114        0     0       tick    2958896731    2010909336    2958896731 
    190   2114        0     1       tick    2948875128    2010998534             - 
    191   2114        0     0       tick    2978185891    2010651464    2978185891 
    192   2114        0     1       tick    3020974353    2011290829             - 
    193   2114        0     0       tick    3016243408    2011110158    3016243408 
    194   2114        0     1       tick     756002806    2001846126             - 
    195   2114        0     0       tick    1171381486    1967287277    1171381486 
    196   2114        0     1       tick    1431078717    2002469405             - 
    197   2114        0     0       tick    1685686006    1998421152    1685686006 
    198   2114        0     1       tick    3006902250    2011135818             - 
    199   2114        0     0       tick    3004115174    2010997218    3004115174 
    200   2114        0     1       tick    2916290945    2010816672             - 
    201   2114        0     0       tick    2947971487    2010726036    2947971487 
    202   2114        0     1       tick    3017894059    2010403947             - 
    203   2114        0     0       tick    3029603276    2010698489    3029603276 
    204   2114        0     1       tick    3023374032    2010859620             - 
    205   2114        0     0       tick    3004149413    2010258182    3004149413 
    206   2114        0     1       tick    2944128333    2010130979             - 
    207   2114        0     0       tick    2914191812    2010994823    2914191812 
    208   2114        0     1       tick    2990316216    2011223208             - 
    209   2114        0     0       tick    3015755485    2010885534    3015755485 
    210   2114        0     1       tick    3009041560    2005126012             - 
    211   2114        0     0       tick    3015308481    2011201416    3015308481 
    212   2114        0     1       tick    2980506076    2011178339             - 
    213   2114        0     0       tick    2901331418    2011035668    2901331418 
    214   2114        0     1       tick    2968292700    2011279048             - 
    215   2114        0     0       tick    3014591864    2011133453    3014591864 
    216   2114        0     1       tick    2978957942    2011234353             - 
    217   2114        0     0       tick     667834831    1981573440     667834831 
    218   2114        0     1       tick    1157408015    1970668223             - 
    219   2114        0     0       tick    1453006529    2002140047    1453006529 
    220   2114        0     1       tick    1776883987    2002196399             - 
    221   2114        0     0       tick    2995822304    2010294365    2995822304 
    222   2114        0     1       tick    2966278580    2010913457             - 
    223   2114        0     0       tick    2847345903    1994800430    2847345903 
    224   2114        0     1       tick    2970660850    2010929424             - 
    225   2114        0     0       tick    3027769587    2011118674    3027769587 
    226   2114        0     1       tick    3029779726    2011040432             - 
    227   2114        0     0       tick    3010911576    2004712945    3010911576 
    228   2114        0     1       tick    2939455480    2011170975             - 
    229   2114        0     0       tick    2891684608    2010756526    2891684608 
    230   2114        0     1       tick    3004093730    2010907688             - 
    231   2114        0     0       tick    3004958270    2010868314    3004958270 
    232   2114        0     1       tick    2998911939    2011064372             - 
    233   2114        0     0       tick    2984978200    2010759308    2984978200 
    234   2114        0     1       tick    2894483582    2010976862             - 
    235   2114        0     0       tick    2922954274    2010699367    2922954274 
    236   2114        0     1       tick    3008313478    2011028540             - 
    237   2114        0     0       tick    2996621690    2010320492    2996621690 
    238   2114        0     1       tick     927589897    2002433268             - 
    239   2114        0     0       tick    1085943195    1967033569    1085943195 
    240   2114        0     1       tick    1454088538    2002456224             - 
    241   2114        0     0       tick    1571315873    2001079802    1571315873 
    242   2114        0     1       tick    3002202285    2011281553             - 
    243   2114        0     0       tick    2891923022    2010973119    2891923022 
    244   2114        0     1       tick    2910208067    2011014835             - 
    245   2114        0     0       tick    3015498795    2010942053    3015498795 
    246   2114        0     1       tick    3028267928    2011328873             - 
    247   2114        0     0       tick    2954027771    2010724092    2954027771 
    248   2114        0     1       tick    2835257797    2011025434             - 
    249   2114        0     0       tick    2985000740    2010440252    2985000740 
    250   2114        0     1       tick    3024248794    2009722108             - 
    251   2114        0     0       tick    3005216667    2010988188    3005216667 
    252   2114        0     1       tick    2878416165    2010597627             - 
    253   2114        0     0       tick    2921914686    2010744734    2921914686 
    254   2114        0     1       tick    3016380931    2011200577             - 
    255   2114        0     0       tick    1865881425    2006249892    1865881425 
    256   2114        0     1       tick     783607443    1973750965             - 
    257   2114        0     0       tick    1427778633    1979866330    1427778633 
    258   2114        0     1       tick    1441592866    2002497291             - 
    259   2114        0     0       tick    2489757777    2006464163    2489757777 
    260   2114        0     1       tick    2801293239    2010799706             - 
    261   2114        0     0       tick    2944056599    2010709696    2944056599 
    262   2114        0     1       tick    2997629060    2010534198             - 
    263   2114        0     0       tick    2868088748    2010694267    2868088748 
    264   2114        0     1       tick    2880856194    2010936762             - 
    265   2114        0     0       tick    3018530315    2008025435    3018530315 
    266   2114        0     1       tick    2961177018    2010412487             - 
    267   2114        0     0       tick    2783287080    2009441731    2783287080 
    268   2114        0     1       tick    2996057808    2010406010             - 
    269   2114        0     0       tick    1111907498    2002826221    1111907498 
    270   2114        0     1       tick    1032324534    1967408243             - 
    271   2114        0     0       tick    1437454436    1986276389    1437454436 
    272   2114        0     1       tick    1443522829    2002184467             - 
    273   2114        0     0       tick    2397689016    2005337941    2397689016 
    274   2114        0     1       tick    2707738985    2001558125             - 
    275   2114        0     0       tick    2965055720    2010978009    2965055720 
    276   2114        0     1       tick    2720298737    2010323264             - 
    277   2114        0     0       tick    2959248596    2010300992    2959248596 
    278   2114        0     1       tick    2706648179    2009809852             - 
    279   2114        0     0       tick    1802215346    2005638493    1802215346 
    280   2114        0     1       tick     780601881    1955391420             - 
    281   2114        0     0       tick    1427379114    1979411317    1427379114 
    282   2114        0     1       tick    1440597638    2002052108             - 
    283   2114        0     0       tick    1921785334    2003171555    1921785334 
    284   2114        0     1       tick    2672291824    2010032223             - 
    285   2114        0     0       tick    2658775720    2009903338    2658775720 
    286   2114        0     1       tick    2657235865    2009603834             - 
    287   2114        0     0       tick    1217794667    2003688993    1217794667 
    288   2114        0     1       tick     990969029    1967717242             - 
    289   2114        0     0       tick    1441639444    2002381807    1441639444 
    290   2114        0     1       tick    1437970987    1981125726             - 
    291   2114        0     0       tick    1700913096    2002509966    1700913096 
    292   2114        0     1       tick    2366517455    2008625811             - 
    293   2114        0     0       tick    2351975331    1992293249    2351975331 
    294   2114        0     1       tick     679816708    1998169343             - 
    295   2114        0     0       tick    1220774107    1969575273    1220774107 
    296   2114        0     1       tick    1441851927    2002355372             - 
    297   2114        0     0       tick    1451921257    2002181432    1451921257 
    298   2114        0     1       tick    1481106441    2001082933             - 
    299   2114        0     0       tick    1689989083    2005161182    1689989083 
    300   2114        0     1       tick     693432530    1998473237             - 
    301   2114        0     0       tick    1280639194    1955058618    1280639194 
    302   2114        0     1       tick    1456202984    2002504617             - 
    303   2114        0     0       tick    1452457109    2002444634    1452457109 
    304   2114        0     1       tick    1451589583    1985067003             - 
    305   2114        0     0       tick    1044617010    2001999414    1044617010 
    306   2114        0     1       tick     846614207    1964113412             - 
    307   2114        0     0       tick    1426634309    2002165500    1426634309 
    308   2114        0     1       tick    1456766313    2002479249             - 
    309   2114        0     0       tick    1451948822    2002345474    1451948822 
    310   2114        0     1       tick    1364279707    2000383848             - 
    311   2114        0     0       tick     678890554    1997900176     678890554 
    312   2114        0     1       tick    1149778877    1955017207             - 
    313   2114        0     0       tick    1449108083    2002077837    1449108083 
    314   2114        0     1       tick    1433867758    2002492132             - 
    315   2114        0     0       tick    1366515610    1984101505    1366515610 
    316   2114        0     1       tick     934293844    2000542492             - 
    317   2114        0     0       tick     812840465    1973537310     812840465 
    318   2114        0     1       tick    1436794451    1996021395             - 
    319   2114        0     0       tick    1449376231    1994072761    1449376231 
    320   2114        0     1       tick    1440694201    2001326288             - 
    321   2114        0     0       tick    1209108354    1982970746    1209108354 
    322   2114        0     1       tick     673277181    1979965302             - 
    323   2114        0     0       tick    1162590557    1947023016    1162590557 
    324   2114        0     1       tick    1447199567    1994397347             - 
    325   2114        0     0       tick    1439449394    1994318056    1439449394 
    326   2114        0     1       tick    1356437276    1999999923             - 
    327   2114        0     0       tick     866086189    2000700197     866086189 
    328   2114        0     1       tick     856638079    1965953787             - 
    329   2114        0     0       tick    1423575073    2000811962    1423575073 
    330   2114        0     1       tick    1453692005    2001683171             - 
    331   2114        0     0       tick    1452423976    1998903911    1452423976 
    332   2114        0     1       tick    1155716445    1980924635             - 
    333   2114        0     0       tick     678458955    1998057540     678458955 
    334   2114        0     1       tick    1228808900    1970807105             - 
    335   2114        0     0       tick    1439276905    2002546518    1439276905 
    336   2114        0     1       tick    1451195533    2002385387             - 
    337   2114        0     0       tick    1342587573    1999944256    1342587573 
    338   2114        0     1       tick     822866964    2001178078             - 
    339   2114        0     0       tick     899526849    1950839109     899526849 
    340   2114        0     1       tick    1451847037    2002433658             - 
    341   2114        0     0       tick    1424258765    2002244393    1424258765 
    342   2114        0     1       tick    1454383134    2002461393             - 
    343   2114        0     0       tick    1113677305    1999199990    1113677305 
    344   2114        0     1       tick     686251509    1997931989             - 
    345   2114        0     0       tick    1272494967    1970554755    1272494967 
    346   2114        0     1       tick    1455246919    2002171874             - 
    347   2114        0     0       tick    1441471748    2002409615    1441471748 
    348   2114        0     1       tick    1193606754    1981808093             - 
    349   2114        0     0       tick     677848149    1998064901     677848149 
    350   2114        0     1       tick    1190571208    1970959812             - 
    351   2114        0     0       tick    1452586384    2002406250    1452586384 
    352   2114        0     1       tick    1451836441    2002450476             - 
    353   2114        0     0       tick    1261381315    1999723726    1261381315 
    354   2114        0     1       tick     647742206    2000848946             - 
    355   2114        0     0       tick    1164533280    1967674488    1164533280 
    356   2114        0     1       tick    1432498976    2002472374             - 
    357   2114        0     0       tick    1442116364    2002474681    1442116364 
    358   2114        0     1       tick    1298047434    1990299617             - 
    359   2114        0     0       tick     703090254    2000592828     703090254 
    360   2114        0     1       tick    1053378649    1951447551             - 
    361   2114        0     0       tick    1455789564    2002361063    1455789564 
    362   2114        0     1       tick    1443027857    2002467264             - 
    363   2114        0     0       tick    1326625937    2000080841    1326625937 
    364   2114        0     1       tick     772705817    2000840240             - 
    365   2114        0     0       tick     983104558    1966933531     983104558 
    366   2114        0     1       tick    1439394974    2002442476             - 
    367   2114        0     0       tick    1451115181    2002363968    1451115181 
    368   2114        0     1       tick    1331368482    1979994840             - 
    369   2114        0     0       tick     838553765    1985332265     838553765 
    370   2114        0     1       tick     866359078    1951026144             - 
    371   2114        0     0       tick    1426122773    2002576195    1426122773 
    372   2114        0     1       tick    1450957109    2002477171             - 
    373   2114        0     0       tick    1376329674    1981452308    1376329674 
    374   2114        0     1       tick     927281762    2001463617             - 
    375   2114        0     0       tick     773868586    1973378878     773868586 
    376   2114        0     1       tick    1424565081    1979407149             - 
    377   2114        0     0       tick    1440614698    2001425195    1440614698 
    378   2114        0     1       tick    1330491837    1999535666             - 
    379   2114        0     0       tick     785012451    2001245495     785012451 
    380   2114        0     1       tick     954989854    1966536848             - 
    381   2114        0     0       tick    1452184255    2002198727    1452184255 
    382   2114        0     1       tick    1450121368    2002395541             - 
    383   2114        0     0       tick    1249883503    1982825047    1249883503 
    384   2114        0     1       tick     647871812    2000933360             - 
    385   2114        0     0       tick    1159341791    1965950559    1159341791 
    386   2114        0     1       tick    1422259300    2002655528             - 
    387   2114        0     0       tick    1382647710    2000086839    1382647710 
    388   2114        0     1       tick     887290786    2000332724             - 
    389   2114        0     0       tick     817261838    1973369498     817261838 
    390   2114        0     1       tick    1436151828    1996034694             - 
    391   2114        0     0       tick    1455777806    2001991468    1455777806 
    392   2114        0     1       tick    1140939479    1991069886             - 
    393   2114        0     0       tick     677218290    1998168906     677218290 
    394   2114        0     1       tick    1245299044    1970410207             - 
    395   2114        0     0       tick    1441026739    2002202177    1441026739 
    396   2114        0     1       tick    1327528962    1999963961             - 
    397   2114        0     0       tick     775762923    2000616329     775762923 
    398   2114        0     1       tick     973416144    1966791207             - 
    399   2114        0     0       tick    1444990947    2001369893    1444990947 
    400   2114        0     1       tick    1451138489    2002421341             - 
    401   2114        0     0       tick    1344744695    1999813177    1344744695 
    402   2114        0     1       tick     840521992    2001158615             - 
    403   2114        0     0       tick     886638146    1966773853     886638146 
    404   2114        0     1       tick    1443400913    2002419856             - 
    405   2114        0     0       tick    1433253875    2002445715    1433253875 
    406   2114        0     1       tick    1300963229    2000023779             - 
    407   2114        0     0       tick     696200174    2001198839     696200174 
    408   2114        0     1       tick    1073871036    1968028149             - 
    409   2114        0     0       tick    1454026039    2001920307    1454026039 
    410   2114        0     1       tick    1452369625    2002126884             - 
    411   2114        0     0       tick    1313735647    2000063686    1313735647 
    412   2114        0     1       tick     762623971    2000712852             - 
    413   2114        0     0       tick     977133815    1940453529     977133815 
    414   2114        0     1       tick    1439986852    2002526824             - 
    415   2114        0     0       tick    1445452580    1992908524    1445452580 
    416   2114        0     1       tick    1256942760    1999739480             - 
    417   2114        0     0       tick     651551487    1999798679     651551487 
    418   2114        0     1       tick    1162155380    1968321831             - 
    419   2114        0     0       tick    1448850622    2002330507    1448850622 
    420   2114        0     1       tick    1428313663    2002194509             - 
    421   2114        0     0       tick    1080321262    1978957588    1080321262 
    422   2114        0     1       tick     689691893    1998072677             - 
    423   2114        0     0       tick    1287686027    1970981496    1287686027 
    424   2114        0     1       tick    1455778784    2002437486             - 
    425   2114        0     0       tick    1388180509    2000442678    1388180509 
    426   2114        0     1       tick     940298902    2001299791             - 
    427   2114        0     0       tick     744475774    1951883961     744475774 
    428   2114        0     1       tick    1434695268    1995327651             - 
    429   2114        0     0       tick    1441347799    2002194731    1441347799 
    430   2114        0     1       tick    1323034743    1984345005             - 
    431   2114        0     0       tick     804319640    2000944463     804319640 
    432   2114        0     1       tick     930267384    1966767016             - 
    433   2114        0     0       tick    1442603871    1987840258    1442603871 
    434   2114        0     1       tick    1435203139    2002329823             - 
    435   2114        0     0       tick    1273739879    1984115338    1273739879 
    436   2114        0     1       tick     666734325    1984832837             - 
    437   2114        0     0       tick    1085885076    1951309481    1085885076 
    438   2114        0     1       tick    1452836695    2002278446             - 
    439   2114        0     0       tick    1455373156    2002177345    1455373156 
    440   2114        0     1       tick    1295322790    1975999726             - 
    441   2114        0     0       tick     754400189    2000900813     754400189 
    442   2114        0     1       tick     994234088    1951027709             - 
    443   2114        0     0       tick    1439679549    2001222976    1439679549 
    444   2114        0     1       tick    1436649374    1979787238             - 
    445   2114        0     0       tick    1330871956    1984039836    1330871956 
    446   2114        0     1       tick     836491561    2000900765             - 
    447   2114        0     0       tick     878461186    1950124993     878461186 
    448   2114        0     1       tick    1428558773    1994360148             - 
    449   2114        0     0       tick    1431162076    1985339987    1431162076 
    450   2114        0     1       tick    1388026171    2000344448             - 
    451   2114        0     0       tick     916704490    2001128187     916704490 
    452   2114        0     1       tick     783290947    1972945558             - 
    453   2114        0     0       tick    1438296970    1995933853    1438296970 
    454   2114        0     1       tick    1442624188    2002544933             - 
    455   2114        0     0       tick    1399673014    1988332736    1399673014 
    456   2114        0     1       tick     990294785    2001458383             - 
    457   2114        0     0       tick     708831478    1979695081     708831478 
    458   2114        0     1       tick    1415201663    1989735999             - 
    459   2114        0     0       tick    1452542564    2002321128    1452542564 
    460   2114        0     1       tick    1417217721    1986560762             - 
    461   2114        0     0       tick    1056711569    1999479668    1056711569 
    462   2114        0     1       tick     697650566    1998553010             - 
    463   2114        0     0       tick    1319527416    1970839950    1319527416 
    464   2114        0     1       tick    1432947942    1986404095             - 
    465   2114        0     0       tick    1388431814    2000287808    1388431814 
    466   2114        0     1       tick     915746106    2001118780             - 
    467   2114        0     0       tick     777504486    1973286181     777504486 
    468   2114        0     1       tick    1431249376    1987787329             - 
    469   2114        0     0       tick    1440861328    2002366050    1440861328 
    470   2114        0     1       tick    1452107256    2002398488             - 
    471   2114        0     0       tick    1430524173    1999798679    1430524173 
    472   2114        0     1       tick    1015008991    2001710972             - 
    473   2114        0     0       tick     706974303    1998046927     706974303 
    474   2114        0     1       tick    1369649586    1970469918             - 
    475   2114        0     0       tick    1428586858    2001594022    1428586858 
    476   2114        0     1       tick    1446810476    2002252274             - 
    477   2114        0     0       tick    1105044426    1999464036    1105044426 
    478   2114        0     1       tick     687570234    1998008374             - 
    479   2114        0     0       tick    1277487313    1969523241    1277487313 
    480   2114        0     1       tick    1449933549    1993044458             - 
    481   2114        0     0       tick    1439301008    2001815855    1439301008 
    482   2114        0     1       tick    1197530706    1999756318             - 
    483   2114        0     0       tick     677309736    1997956419     677309736 
    484   2114        0     1       tick    1196579007    1970180726             - 
    485   2114        0     0       tick    1450274536    2002261393    1450274536 
    486   2114        0     1       tick    1452091722    2002289096             - 
    487   2114        0     0       tick    1246682421    1982279158    1246682421 
    488   2114        0     1       tick     644666347    2001147423             - 
    489   2114        0     0       tick    1165477698    1966701440    1165477698 
    490   2114        0     1       tick    1429365289    2002141492             - 
    491   2114        0     0       tick    1434504449    1986153622    1434504449 
    492   2114        0     1       tick    1456029204    2000666314             - 
    493   2114        0     0       tick    1151020169    1998779951    1151020169 
    494   2114        0     1       tick     677780929    1998175402             - 
    495   2114        0     0       tick    1232297346    1954476256    1232297346 
    496   2114        0     1       tick    1436620440    2002516368             - 
    497   2114        0     0       tick    1452861279    2002207109    1452861279 
    498   2114        0     1       tick    1430437829    1999766911             - 
    499   2114        0     0       tick    1017554292    1991289792    1017554292 
    500   2114        0     1       tick     703764885    1998008270             - 
    501   2114        0     0       tick    1360678311    1970761130    1360678311 
    502   2114        0     1       tick    1421251588    2002241683             - 
    503   2114        0     0       tick    1453789496    2002123348    1453789496 
    504   2114        0     1       tick    1307287562    2000117279             - 
    505   2114        0     0       tick     716571432    2000153727     716571432 
    506   2114        0     1       tick    1046794641    1967682456             - 
    507   2114        0     0       tick    1454683075    2002146052    1454683075 
    508   2114        0     1       tick    1439643478    2002638562             - 
    509   2114        0     0       tick    1413576509    2000014637    1413576509 
    510   2114        0     1       tick     996951541    2001439812             - 
    511   2114        0     0       tick     704571229    1970532693     704571229 
    512   2114        0     1       tick    1396279634    1977189301             - 
    513   2114        0     0       tick    1452351681    2002212687    1452351681 
    514   2114        0     1       tick    1422706176    2002556846             - 
    515   2114        0     0       tick    1301353568    1999585259    1301353568 
    516   2114        0     1       tick     682244860    2000926281             - 
    517   2114        0     0       tick    1084987893    1966762104    1084987893 
    518   2114        0     1       tick    1440090257    2002533811             - 
    519   2114        0     0       tick    1430681045    1984244329    1430681045 
    520   2114        0     1       tick    1387833963    1999994187             - 
    521   2114        0     0       tick     983063888    2001017204     983063888 
    522   2114        0     1       tick     708759008    1974604710             - 
    523   2114        0     0       tick    1397738359    1971270844    1397738359 
    524   2114        0     1       tick    1442014008    2002492783             - 
    525   2114        0     0       tick    1411419453    2002459895    1411419453 
    526   2114        0     1       tick    1296550423    1999989632             - 
    527   2114        0     0       tick     686137905    2000552317     686137905 
    528   2114        0     1       tick    1081640253    1966862276             - 
    529   2114        0     0       tick    1441172376    2002239929    1441172376 
    530   2114        0     1       tick    1441133336    2002401842             - 
    531   2114        0     0       tick    1311610607    2000005336    1311610607 
    532   2114        0     1       tick     766758882    2000988041             - 
    533   2114        0     0       tick     974958379    1950254319     974958379 
    534   2114        0     1       tick    1429697472    2002392344             - 
    535   2114        0     0       tick    1441659427    2002228166    1441659427 
    536   2114        0     1       tick    1340427264    2000093690             - 
    537   2114        0     0       tick     854132787    2001225822     854132787 
    538   2114        0     1       tick     872758371    1966464883             - 
    539   2114        0     0       tick    1410092288    2002441846    1410092288 
    540   2114        0     1       tick    1441137729    2002496841             - 
    541   2114        0     0       tick    1382660649    1999583052    1382660649 
    542   2114        0     1       tick     937110242    2001159476             - 
    543   2114        0     0       tick     755168281    1956569836     755168281 
    544   2114        0     1       tick    1423756824    1995301608             - 
    545   2114        0     0       tick    1428591594    2002455114    1428591594 
    546   2114        0     1       tick    1417746532    1999968503             - 
    547   2114        0     0       tick    1007958106    1984842412    1007958106 
    548   2114        0     1       tick     708815757    1998145173             - 
    549   2114        0     0       tick    1362305598    1969545366    1362305598 
    550   2114        0     1       tick    1411926289    2001893425             - 
    551   2114        0     0       tick    1441269899    2002345145    1441269899 
    552   2114        0     1       tick    1119789547    1999238270             - 
    553   2114        0     0       tick     679121122    1982091408     679121122 
    554   2114        0     1       tick    1259455153    1970329223             - 
    555   2114        0     0       tick    1432575288    1986322704    1432575288 
    556   2114        0     1       tick    1425911658    2002522238             - 
    557   2114        0     0       tick    1236970075    1999095937    1236970075 
    558   2114        0     1       tick     677455465    1997785259             - 
    559   2114        0     0       tick    1141498007    1951254530    1141498007 
    560   2114        0     1       tick    1442890379    2002466694             - 
    561   2114        0     0       tick    1411131982    2001599099    1411131982 
    562   2114        0     1       tick    1298521775    1999576870             - 
    563   2114        0     0       tick     680791614    2000793584     680791614 
    564   2114        0     1       tick    1089542814    1966275805             - 
    565   2114        0     0       tick    1430027155    1986149539    1430027155 
    566   2114        0     1       tick    1423895895    1978554399             - 
    567   2114        0     0       tick    1303046310    1979701199    1303046310 
    568   2114        0     1       tick     777800953    2000544445             - 
    569   2114        0     0       tick     961086676    1965058908     961086676 
    570   2114        0     1       tick    1441332847    2002185673             - 
    571   2114        0     0       tick    1426593575    1980425702    1426593575 
    572   2114        0     1       tick    1343095485    1999929565             - 
    573   2114        0     0       tick     864105801    2001240149     864105801 
    574   2114        0     1       tick     861991454    1965945511             - 
    575   2114        0     0       tick    1412451394    2001367168    1412451394 
    576   2114        0     1       tick    1443840107    2002425760             - 
    577   2114        0     0       tick    1377246273    1998889986    1377246273 
    578   2114        0     1       tick     947811111    2000171287             - 
    579   2114        0     0       tick     743040251    1956519047     743040251 
    580   2114        0     1       tick    1408254752    1994422900             - 
    581   2114        0     0       tick    1441304158    2002406103    1441304158 
    582   2114        0     1       tick    1422244079    1999817842             - 
    583   2114        0     0       tick    1023537859    2001305820    1023537859 
    584   2114        0     1       tick     706225928    1998320282             - 
    585   2114        0     0       tick    1355435758    1967539939    1355435758 
    586   2114        0     1       tick    1410786984    2002103209             - 
    587   2114        0     0       tick    1443808974    2002246138    1443808974 
    588   2114        0     1       tick    1125097846    1991427898             - 
    589   2114        0     0       tick     675095166    1981548922     675095166 
    590   2114        0     1       tick    1235775059    1949242978             - 
    591   2114        0     0       tick    1427940927    2002219644    1427940927 
    592   2114        0     1       tick    1435436287    1994504843             - 
    593   2114        0     0       tick    1254297927    1998761004    1254297927 
    594   2114        0     1       tick     654053017    1991154945             - 
    595   2114        0     0       tick    1140618746    1952441267    1140618746 
    596   2114        0     1       tick    1437524718    2002427755             - 
    597   2114        0     0       tick    1404953809    1986325629    1404953809 
    598   2114        0     1       tick    1298784041    1999818482             - 
    599   2114        0     0       tick     709155168    2001047735     709155168 
    600   2114        0     1       tick    1053061391    1966872996             - 
    601   2114        0     0       tick    1442410542    2002345321    1442410542 
    602   2114        0     1       tick    1428532498    2002466534             - 
    603   2114        0     0       tick    1319394763    1983958121    1319394763 
    604   2114        0     1       tick     795166630    2000961325             - 
    605   2114        0     0       tick     939865940    1965701345     939865940 
    606   2114        0     1       tick    1441848342    2002508586             - 
    607   2114        0     0       tick    1430972922    2002441792    1430972922 
    608   2114        0     1       tick    1353032873    2000345459             - 
    609   2114        0     0       tick     876401403    2001037278     876401403 
    610   2114        0     1       tick     832428535    1965268558             - 
    611   2114        0     0       tick    1414353718    1990446347    1414353718 
    612   2114        0     1       tick    1443267219    2002382451             - 
    613   2114        0     0       tick    1370163857    1976310334    1370163857 
    614   2114        0     1       tick     971047350    2001263444             - 
    615   2114        0     0       tick     720697368    1972409340     720697368 
    616   2114        0     1       tick    1413310683    1996029279             - 
    617   2114        0     0       tick    1441392015    2002470799    1441392015 
    618   2114        0     1       tick    1423656852    2002570956             - 
    619   2114        0     0       tick    1043194561    1998428587    1043194561 
    620   2114        0     1       tick     692884558    1981793991             - 
    621   2114        0     0       tick    1311097988    1970130848    1311097988 
    622   2114        0     1       tick    1420958855    1985029193             - 
    623   2114        0     0       tick    1382465786    2000097699    1382465786 
    624   2114        0     1       tick     928712595    1985590390             - 
    625   2114        0     0       tick     746566266    1955292013     746566266 
    626   2114        0     1       tick    1399393016    1977889226             - 
    627   2114        0     0       tick    1434880347    1993016646    1434880347 
    628   2114        0     1       tick    1331688612    1999847161             - 
    629   2114        0     0       tick     821559954    2000989600     821559954 
    630   2114        0     1       tick     904024417    1965697599             - 
    631   2114        0     0       tick    1431651765    1987595346    1431651765 
    632   2114        0     1       tick    1413406095    2002483391             - 
    633   2114        0     0       tick    1367243246    1984270069    1367243246 
    634   2114        0     1       tick     910517718    1985313546             - 
    635   2114        0     0       tick     776431888    1971988014     776431888 
    636   2114        0     1       tick    1426002343    1995610210             - 
    637   2114        0     0       tick    1422156361    1992354952    1422156361 
    638   2114        0     1       tick    1409565668    2000116610             - 
    639   2114        0     0       tick    1003594804    2001913767    1003594804 
    640   2114        0     1       tick     711995268    1997075214             - 
    641   2114        0     0       tick    1377221890    1971370082    1377221890 
    642   2114        0     1       tick    1412013018    1986628574             - 
    643   2114        0     0       tick    1360415928    1999660113    1360415928 
    644   2114        0     1       tick     881869671    2001132666             - 
    645   2114        0     0       tick     822988123    1969917071     822988123 
    646   2114        0     1       tick    1420166918    1995948348             - 
    647   2114        0     0       tick    1438583304    1994440510    1438583304 
    648   2114        0     1       tick    1306765571    1999619773             - 
    649   2114        0     0       tick     755853426    2000546351     755853426 
    650   2114        0     1       tick     997791281    1966545407             - 
    651   2114        0     0       tick    1427580243    2002330954    1427580243 
    652   2114        0     1       tick    1440681061    2002599131             - 
    653   2114        0     0       tick    1245619541    1983917805    1245619541 
    654   2114        0     1       tick     636254898    1984118089             - 
    655   2114        0     0       tick    1157820904    1966570443    1157820904 
    656   2114        0     1       tick    1413989064    2002590208             - 
    657   2114        0     0       tick    1429662710    1986511858    1429662710 
    658   2114        0     1       tick    1120816072    1999400119             - 
    659   2114        0     0       tick     682893364    1998042117     682893364 
    660   2114        0     1       tick    1258016354    1970006666             - 
    661   2114        0     0       tick    1440581754    2002570997    1440581754 
    662   2114        0     1       tick    1387379326    2000320722             - 
    663   2114        0     0       tick     980289445    2001474707     980289445 
    664   2114        0     1       tick     709400936    1972088062             - 
    665   2114        0     0       tick    1413322828    1995261855    1413322828 
    666   2114        0     1       tick    1434616391    1993622661             - 
    667   2114        0     0       tick    1329974623    1983341138    1329974623 
    668   2114        0     1       tick     855713160    2001055959             - 
    669   2114        0     0       tick     866601467    1965218261     866601467 
    670   2114        0     1       tick    1410865820    2002396481             - 
    671   2114        0     0       tick    1433702877    1986337661    1433702877 
    672   2114        0     1       tick    1301411946    1999506785             - 
    673   2114        0     0       tick     731053235    2000879601     731053235 
    674   2114        0     1       tick    1029549085    1965715380             - 
    675   2114        0     0       tick    1437775333    2002395374    1437775333 
    676   2114        0     1       tick    1430286488    2002200239             - 
    677   2114        0     0       tick    1236874178    1999579526    1236874178 
    678   2114        0     1       tick     677212199    1997638635             - 
    679   2114        0     0       tick    1138647185    1953945991    1138647185 
    680   2114        0     1       tick    1441787861    2002682462             - 
    681   2114        0     0       tick    1409098008    2002332463    1409098008 
    682   2114        0     1       tick    1075440614    1990922339             - 
    683   2114        0     0       tick     693860206    1998283779     693860206 
    684   2114        0     1       tick    1289356117    1969559974             - 
    685   2114        0     0       tick    1443907805    2002284437    1443907805 
    686   2114        0     1       tick    1377966313    1999560515             - 
    687   2114        0     0       tick     944239137    2000840551     944239137 
    688   2114        0     1       tick     755720384    1972654870             - 
    689   2114        0     0       tick    1423725969    1995884337    1423725969 
    690   2114        0     1       tick    1427563944    2001764846             - 
    691   2114        0     0       tick    1319429730    1975717230    1319429730 
    692   2114        0     1       tick     817800971    2001151446             - 
    693   2114        0     0       tick     902809317    1950265497     902809317 
    694   2114        0     1       tick    1440398017    2001027532             - 
    695   2114        0     0       tick    1401615734    1985260469    1401615734 
    696   2114        0     1       tick    1300188238    1999709387             - 
    697   2114        0     0       tick     696359212    2001001560     696359212 
    698   2114        0     1       tick    1066431369    1966652644             - 
    699   2114        0     0       tick    1442982161    2002384038    1442982161 
    700   2114        0     1       tick    1427771242    2002525709             - 
    701   2114        0     0       tick    1198126823    1999487096    1198126823 
    702   2114        0     1       tick     672334499    1981596849             - 
    703   2114        0     0       tick    1184630819    1970147481    1184630819 
    704   2114        0     1       tick    1441748393    2002199951             - 
    705   2114        0     0       tick    1423113740    1999234672    1423113740 
    706   2114        0     1       tick    1017719595    1985900298             - 
    707   2114        0     0       tick     703891509    1998300262     703891509 
    708   2114        0     1       tick    1350575658    1970016230             - 
    709   2114        0     0       tick    1413215431    2002411005    1413215431 
    710   2114        0     1       tick    1376967749    2000287668             - 
    711   2114        0     0       tick     906194028    2000955100     906194028 
    712   2114        0     1       tick     799998998    1972337556             - 
    713   2114        0     0       tick    1414986482    1979715603    1414986482 
    714   2114        0     1       tick    1425639163    2001895490             - 
    715   2114        0     0       tick    1325155878    1999681154    1325155878 
    716   2114        0     1       tick     778178387    2001182695             - 
    717   2114        0     0       tick     959970565    1965937262     959970565 
    718   2114        0     1       tick    1430048387    1986273914             - 
    719   2114        0     0       tick    1441885808    2002026459    1441885808 
    720   2114        0     1       tick    1341273775    2000189383             - 
    721   2114        0     0       tick     862810330    2001292089     862810330 
    722   2114        0     1       tick     860094280    1966408901             - 
    723   2114        0     0       tick    1413060010    2002272870    1413060010 
    724   2114        0     1       tick    1443685283    2002338689             - 
    725   2114        0     0       tick    1302011466    2000031056    1302011466 
    726   2114        0     1       tick     726012212    1984325160             - 
    727   2114        0     0       tick    1012389347    1950109807    1012389347 
    728   2114        0     1       tick    1417439594    1986449869             - 
    729   2114        0     0       tick    1440899626    2001953950    1440899626 
    730   2114        0     1       tick    1253871724    1999543998             - 
    731   2114        0     0       tick     658751100    1998728490     658751100 
    732   2114        0     1       tick    1138547371    1953331958             - 
    733   2114        0     0       tick    1437116168    2001073228    1437116168 
    734   2114        0     1       tick    1416261838    2002551199             - 
    735   2114        0     0       tick    1288255019    1982873178    1288255019 
    736   2114        0     1       tick     707004973    2000942668             - 
    737   2114        0     0       tick    1054421621    1966262257    1054421621 
    738   2114        0     1       tick    1430645171    1985804744             - 
    739   2114        0     0       tick    1429145931    2002483851    1429145931 
    740   2114        0     1       tick    1217006828    1999483039             - 
    741   2114        0     0       tick     676947706    1997766854     676947706 
    742   2114        0     1       tick    1165618668    1969795545             - 
    743   2114        0     0       tick    1441943233    2002393054    1441943233 
    744   2114        0     1       tick    1409861576    1985693403             - 
    745   2114        0     0       tick    1046925860    1999112863    1046925860 
    746   2114        0     1       tick     698314633    1998214851             - 
    747   2114        0     0       tick    1307041626    1961925111    1307041626 
    748   2114        0     1       tick    1432345985    2002156183             - 
    749   2114        0     0       tick    1381425339    1999970964    1381425339 
    750   2114        0     1       tick     926955723    2001105234             - 
    751   2114        0     0       tick     769146365    1972707677     769146365 
    752   2114        0     1       tick    1417037340    1980109512             - 
    753   2114        0     0       tick    1421018015    1994133716    1421018015 
    754   2114        0     1       tick    1320278875    1984224537             - 
    755   2114        0     0       tick     809028159    2001230772     809028159 
    756   2114        0     1       tick     919679630    1966294588             - 
    757   2114        0     0       tick    1438783689    1994495910    1438783689 
    758   2114        0     1       tick    1400403706    1986587136             - 
    759   2114        0     0       tick    1294788114    1999730312    1294788114 
    760   2114        0     1       tick     682296807    1985249032             - 
    761   2114        0     0       tick    1068224538    1958962118    1068224538 
    762   2114        0     1       tick    1424687687    1978012273             - 
    763   2114        0     0       tick    1426820254    2002421750    1426820254 
    764   2114        0     1       tick    1206085513    1999570564             - 
    765   2114        0     0       tick     676864934    1997843819     676864934 
    766   2114        0     1       tick    1167201558    1954305845             - 
    767   2114        0     0       tick    1442409331    2002381446    1442409331 
    768   2114        0     1       tick    1427623075    1999565784             - 
    769   2114        0     0       tick    1029576591    2002313185    1029576591 
    770   2114        0     1       tick     694807013    1982450424             - 
    771   2114        0     0       tick    1323284091    1970150546    1323284091 
    772   2114        0     1       tick    1426201090    2002502760             - 
    773   2114        0     0       tick    1378628827    2000413355    1378628827 
    774   2114        0     1       tick     916052107    1984167355             - 
    775   2114        0     0       tick     758154596    1953711613     758154596 
    776   2114        0     1       tick    1426612088    1995913093             - 
    777   2114        0     0       tick    1428216479    2002506237    1428216479 
    778   2114        0     1       tick    1329193643    2000262593             - 
    779   2114        0     0       tick     802393419    2001227899     802393419 
    780   2114        0     1       tick     928968911    1966646412             - 
    781   2114        0     0       tick    1426992065    1980160660    1426992065 
    782   2114        0     1       tick    1413086328    2001771338             - 
    783   2114        0     0       tick    1291458918    1999600480    1291458918 
    784   2114        0     1       tick     678921056    2000141654             - 
    785   2114        0     0       tick    1087104006    1966391655    1087104006 
    786   2114        0     1       tick    1434918862    1994324002             - 
    787   2114        0     0       tick    1431833241    1985950789    1431833241 
    788   2114        0     1       tick    1168921223    1983064638             - 
    789   2114        0     0       tick     676802769    1997658699     676802769 
    790   2114        0     1       tick    1196950095    1970054421             - 
    791   2114        0     0       tick    1436235875    2002413752    1436235875 
    792   2114        0     1       tick    1419534941    1999151964             - 
    793   2114        0     0       tick    1014036679    1985068866    1014036679 
    794   2114        0     1       tick     704140412    1998433262             - 
    795   2114        0     0       tick    1352197575    1970297045    1352197575 
    796   2114        0     1       tick    1413115807    2002551814             - 
    797   2114        0     0       tick    1375013938    2000133979    1375013938 
    798   2114        0     1       tick     903337197    2001146495             - 
    799   2114        0     0       tick     798006608    1972526443     798006608 
    800   2114        0     1       tick    1426421512    1995958542             - 
    801   2114        0     0       tick    1432624277    2001928780    1432624277 
    802   2114        0     1       tick    1315974234    1999733497             - 
    803   2114        0     0       tick     768742687    1984973222     768742687 
    804   2114        0     1       tick     938604612    1941989731             - 
    805   2114        0     0       tick    1430879063    1986275224    1430879063 
    806   2114        0     1       tick    1435910446    2002455975             - 
    807   2114        0     0       tick    1265769257    1999663329    1265769257 
    808   2114        0     1       tick     663364373    2001238981             - 
    809   2114        0     0       tick    1121393111    1958176565    1121393111 
    810   2114        0     1       tick    1420297624    2001801593             - 
    811   2114        0     0       tick    1442946240    2002351837    1442946240 
    812   2114        0     1       tick    1146700156    1999775394             - 
    813   2114        0     0       tick     671907455    1981271045     671907455 
    814   2114        0     1       tick    1216844710    1947252902             - 
    815   2114        0     0       tick    1410701961    1975611521    1410701961 
    816   2114        0     1       tick    1416748014    1998447182             - 
    817   2114        0     0       tick    1008927524    1983342405    1008927524 
    818   2114        0     1       tick     706525595    1997493058             - 
    819   2114        0     0       tick    1353949973    1960126636    1353949973 
    820   2114        0     1       tick    1411472245    2002474664             - 
    821   2114        0     0       tick    1376303289    2000033756    1376303289 
    822   2114        0     1       tick     899138591    2000995053             - 
    823   2114        0     0       tick     802883869    1972262993     802883869 
    824   2114        0     1       tick    1425162057    1995896551             - 
    825   2114        0     0       tick    1439790468    2002331006    1439790468 
    826   2114        0     1       tick    1311301217    1999983978             - 
    827   2114        0     0       tick     768861012    2000810748     768861012 
    828   2114        0     1       tick     980653977    1966186118             - 
    829   2114        0     0       tick    1428512600    2002447808    1428512600 
    830   2114        0     1       tick    1442448154    2002394679             - 
    831   2114        0     0       tick    1257787318    1999381281    1257787318 
    832   2114        0     1       tick     644654383    2001172632             - 
    833   2114        0     0       tick    1154828524    1958260555    1154828524 
    834   2114        0     1       tick    1409349426    2002715634             - 
    835   2114        0     0       tick    1436201183    1989452911    1436201183 
    836   2114        0     1       tick    1123285853    1998366791             - 
    837   2114        0     0       tick     682203563    1997466421     682203563 
    838   2114        0     1       tick    1256223003    1970218419             - 
    839   2114        0     0       tick    1440884737    2002376070    1440884737 
    840   2114        0     1       tick    1387770721    2000416397             - 
    841   2114        0     0       tick     980497926    1985071413     980497926 
    842   2114        0     1       tick     708524385    1977304808             - 
    843   2114        0     0       tick    1406862388    1990156609    1406862388 
    844   2114        0     1       tick    1440675762    2002188377             - 
    845   2114        0     0       tick    1259098602    1999547611    1259098602 
    846   2114        0     1       tick     643112015    2000980766             - 
    847   2114        0     0       tick    1161580450    1966822466    1161580450 
    848   2114        0     1       tick    1411632434    2002603650             - 
    849   2114        0     0       exit    1085310245    1497176712    1085310245 
