[Event-to-counter mappings]
pmc0=instr_retired_fixed(0),instr(1)
pmc1=unhalted_core_cycles_fixed(0),cycles(1)
pmc3=llc_misses(0)
[Event counts]
nsample    pid coretype expid      event          pmc0          pmc1          pmc3
      1   2207        0     0       tick     804291233    1549088631     804291233 
      2   2207        0     1       tick     775609448    1917735357             - 
      3   2207        0     0       tick    1377896796    1941625408    1377896796 
      4   2207        0     1       tick     906462361    1998737256             - 
      5   2207        0     0       tick    1215871441    1950762280    1215871441 
      6   2207        0     1       tick    2404070763    2005769072             - 
      7   2207        0     0       tick    2964235721    2009279685    2964235721 
      8   2207        0     1       tick    2815260090    1987909355             - 
      9   2207        0     0       tick    2848787265    2009387621    2848787265 
     10   2207        0     1       tick    2988841674    2010957969             - 
     11   2207        0     0       tick    1939740671    2006277118    1939740671 
     12   2207        0     1       tick    1041286656    1975489916             - 
     13   2207        0     0       tick    2126600897    2004677622    2126600897 
     14   2207        0     1       tick    2881206717    2009873992             - 
     15   2207        0     0       tick    2879263542    2009981817    2879263542 
     16   2207        0     1       tick    2838266440    2009837858             - 
     17   2207        0     0       tick    2771181755    1991271236    2771181755 
     18   2207        0     1       tick     765416316    1998380879             - 
     19   2207        0     0       tick    1471837573    1978559153    1471837573 
     20   2207        0     1       tick    2555482917    2007346340             - 
     21   2207        0     0       tick    3013246404    2011144133    3013246404 
     22   2207        0     1       tick    2883850349    2009568211             - 
     23   2207        0     0       tick    2989711526    2010892368    2989711526 
     24   2207        0     1       tick    2981019697    2010544191             - 
     25   2207        0     0       tick    2887152320    2009920922    2887152320 
     26   2207        0     1       tick    3008890977    2010930141             - 
     27   2207        0     0       tick    2509200086    2008763232    2509200086 
     28   2207        0     1       tick     783091022    1979379944             - 
     29   2207        0     0       tick    1524939909    1976259810    1524939909 
     30   2207        0     1       tick    2768499074    2008061305             - 
     31   2207        0     0       tick    2989559418    2011062937    2989559418 
     32   2207        0     1       tick    3004688576    2011161725             - 
     33   2207        0     0       tick    2931308707    2010512081    2931308707 
     34   2207        0     1       tick    2996923466    2011048941             - 
     35   2207        0     0       tick    2998948369    2010931468    2998948369 
     36   2207        0     1       tick    2941984473    2010626678             - 
     37   2207        0     0       tick    2996144964    2011055877    2996144964 
     38   2207        0     1       tick    2989589811    2011083213             - 
     39   2207        0     0       tick    2111678310    2007257160    2111678310 
     40   2207        0     1       tick     910846054    1975237521             - 
     41   2207        0     0       tick    1547923462    2001205241    1547923462 
     42   2207        0     1       tick    2984709641    2011141423             - 
     43   2207        0     0       tick    3037040880    2010448395    3037040880 
     44   2207        0     1       tick    3035071790    2010651764             - 
     45   2207        0     0       tick    2887571920    1994358466    2887571920 
     46   2207        0     1       tick    2985447366    2005042127             - 
     47   2207        0     0       tick    3045438598    2011094967    3045438598 
     48   2207        0     1       tick    3033761125    2011162488             - 
     49   2207        0     0       tick    2943398475    2010868848    2943398475 
     50   2207        0     1       tick    2898091580    1993652670             - 
     51   2207        0     0       tick    3020440254    2002667796    3020440254 
     52   2207        0     1       tick    3036908310    2011157647             - 
     53   2207        0     0       tick    2974366407    2010931527    2974366407 
     54   2207        0     1       tick     793467766    1998843539             - 
     55   2207        0     0       tick    1358337102    1979019977    1358337102 
     56   2207        0     1       tick    1933655849    2003735121             - 
     57   2207        0     0       tick    2985039594    2010916062    2985039594 
     58   2207        0     1       tick    3011651166    2010970163             - 
     59   2207        0     0       tick    2988689254    2010517683    2988689254 
     60   2207        0     1       tick    2920993189    1994976729             - 
     61   2207        0     0       tick    2894177626    2010644473    2894177626 
     62   2207        0     1       tick    2976646165    2010975691             - 
     63   2207        0     0       tick    3001993270    2011078426    3001993270 
     64   2207        0     1       tick    2985227679    2011184620             - 
     65   2207        0     0       tick    2927585890    2010625663    2927585890 
     66   2207        0     1       tick    2991531817    2011139657             - 
     67   2207        0     0       tick    3012690884    2011055786    3012690884 
     68   2207        0     1       tick    2998161593    2011181733             - 
     69   2207        0     0       tick    2164014499    2007355313    2164014499 
     70   2207        0     1       tick     837341300    1979407892             - 
     71   2207        0     0       tick    1561352283    1997750402    1561352283 
     72   2207        0     1       tick    2495426687    2006973333             - 
     73   2207        0     0       tick    2972808050    1994948022    2972808050 
     74   2207        0     1       tick    2996316606    2011114759             - 
     75   2207        0     0       tick    2997623946    2011082165    2997623946 
     76   2207        0     1       tick    3000888436    2011197546             - 
     77   2207        0     0       tick    2955387073    2010260716    2955387073 
     78   2207        0     1       tick    2989019180    2011113599             - 
     79   2207        0     0       tick    2977948758    2011155153    2977948758 
     80   2207        0     1       tick    2996979118    2010951498             - 
     81   2207        0     0       tick    2966844594    1986412893    2966844594 
     82   2207        0     1       tick    2990376377    2011136585             - 
     83   2207        0     0       tick    2962954006    2010211685    2962954006 
     84   2207        0     1       tick    2993034089    2011099207             - 
     85   2207        0     0       tick    3006692619    2011214459    3006692619 
     86   2207        0     1       tick    3000580500    2010360827             - 
     87   2207        0     0       tick    2986711100    2010451611    2986711100 
     88   2207        0     1       tick    2432737274    2008088603             - 
     89   2207        0     0       tick     726435328    1962520542     726435328 
     90   2207        0     1       tick    1529155892    1981181888             - 
     91   2207        0     0       tick    2316836935    2005669948    2316836935 
     92   2207        0     1       tick    2994395854    2010976888             - 
     93   2207        0     0       tick    2997891702    2010983713    2997891702 
     94   2207        0     1       tick    2976657352    2011001831             - 
     95   2207        0     0       tick    3002985247    2010524498    3002985247 
     96   2207        0     1       tick    3006996947    2011118648             - 
     97   2207        0     0       tick    2975087187    2010185946    2975087187 
     98   2207        0     1       tick    3000997785    2010826762             - 
     99   2207        0     0       tick    2982660945    2011186664    2982660945 
    100   2207        0     1       tick    2999104655    2011248193             - 
    101   2207        0     0       tick    2958152545    1988498965    2958152545 
    102   2207        0     1       tick    2969551803    2010779701             - 
    103   2207        0     0       tick    2990078858    2010928091    2990078858 
    104   2207        0     1       tick    2991625919    2011061468             - 
    105   2207        0     0       tick    2981758044    2011071909    2981758044 
    106   2207        0     1       tick    3001754080    2011025218             - 
    107   2207        0     0       tick    2970224870    1994840712    2970224870 
    108   2207        0     1       tick    1103569759    1987145976             - 
    109   2207        0     0       tick    1231325104    1975794646    1231325104 
    110   2207        0     1       tick    1677209891    1986262664             - 
    111   2207        0     0       tick    2992619297    2003145244    2992619297 
    112   2207        0     1       tick    3000699855    2010869025             - 
    113   2207        0     0       tick    2942263975    1994858184    2942263975 
    114   2207        0     1       tick    2992022986    2011185312             - 
    115   2207        0     0       tick    3005271305    2011079285    3005271305 
    116   2207        0     1       tick    2969395014    1994456534             - 
    117   2207        0     0       tick    2993893647    2011087823    2993893647 
    118   2207        0     1       tick    2998554590    2010887552             - 
    119   2207        0     0       tick    2959119284    2009809230    2959119284 
    120   2207        0     1       tick    2996633949    2010323179             - 
    121   2207        0     0       tick    2998618209    2010483136    2998618209 
    122   2207        0     1       tick    2944481415    1984318373             - 
    123   2207        0     0       tick    2995882710    2011038957    2995882710 
    124   2207        0     1       tick    2988871235    2011102832             - 
    125   2207        0     0       tick    2963046427    2010839430    2963046427 
    126   2207        0     1       tick    2997741635    2011155501             - 
    127   2207        0     0       tick    3009367888    2011070839    3009367888 
    128   2207        0     1       tick    1521133210    2004383678             - 
    129   2207        0     0       tick    1074984108    1975570508    1074984108 
    130   2207        0     1       tick    1576644145    2002544299             - 
    131   2207        0     0       tick    2482057900    2006839715    2482057900 
    132   2207        0     1       tick    2989099667    2002367617             - 
    133   2207        0     0       tick    2996175288    2011087287    2996175288 
    134   2207        0     1       tick    2937575072    2011061915             - 
    135   2207        0     0       tick    2991293897    2011150425    2991293897 
    136   2207        0     1       tick    3002612600    2011103266             - 
    137   2207        0     0       tick    3009087920    2010094594    3009087920 
    138   2207        0     1       tick    3007448093    2010563556             - 
    139   2207        0     0       tick    2981180087    1995037998    2981180087 
    140   2207        0     1       tick    2967365129    2011110026             - 
    141   2207        0     0       tick    2952119254    2011131489    2952119254 
    142   2207        0     1       tick    3003906328    2011093726             - 
    143   2207        0     0       tick    3010410148    2010980529    3010410148 
    144   2207        0     1       tick    3022781384    2011163875             - 
    145   2207        0     0       tick    2993757695    2011136246    2993757695 
    146   2207        0     1       tick    2980762746    2011117401             - 
    147   2207        0     0       tick    2939164683    2011077236    2939164683 
    148   2207        0     1       tick    2958820720    2010335623             - 
    149   2207        0     0       tick    2986501933    2001459005    2986501933 
    150   2207        0     1       tick    3013774563    2011259788             - 
    151   2207        0     0       tick    1276375229    2003863446    1276375229 
    152   2207        0     1       tick    1179724291    1975494956             - 
    153   2207        0     0       tick    1549198377    1986306736    1549198377 
    154   2207        0     1       tick    2625265411    2006883900             - 
    155   2207        0     0       tick    3016341237    2010559541    3016341237 
    156   2207        0     1       tick    2969127785    2010947834             - 
    157   2207        0     0       tick    2922730665    2010394252    2922730665 
    158   2207        0     1       tick    2981065875    2010189330             - 
    159   2207        0     0       tick    3020074541    2010899941    3020074541 
    160   2207        0     1       tick    3029259042    2011122381             - 
    161   2207        0     0       tick    3027034716    2011071231    3027034716 
    162   2207        0     1       tick    3006502401    2011275057             - 
    163   2207        0     0       tick    2940080561    2011136481    2940080561 
    164   2207        0     1       tick    2950862038    2011119446             - 
    165   2207        0     0       tick    2981704322    1989733623    2981704322 
    166   2207        0     1       tick    3021577414    2011207545             - 
    167   2207        0     0       tick    3019941947    2010479640    3019941947 
    168   2207        0     1       tick    3016923096    2011075051             - 
    169   2207        0     0       tick    2979777100    2011047440    2979777100 
    170   2207        0     1       tick    2938716436    2011055361             - 
    171   2207        0     0       tick    2985579843    2010909583    2985579843 
    172   2207        0     1       tick    3007966678    2010487147             - 
    173   2207        0     0       tick    3021817637    2010922671    3021817637 
    174   2207        0     1       tick     823062930    1998826539             - 
    175   2207        0     0       tick    1305074303    1978848669    1305074303 
    176   2207        0     1       tick    1558345692    1978337002             - 
    177   2207        0     0       tick    2496880654    2006695078    2496880654 
    178   2207        0     1       tick    3024431127    2011102590             - 
    179   2207        0     0       tick    2963877358    2010239810    2963877358 
    180   2207        0     1       tick    2914847286    2011082070             - 
    181   2207        0     0       tick    3015962724    2011015247    3015962724 
    182   2207        0     1       tick    3022903555    2011148761             - 
    183   2207        0     0       tick    3017976189    2011191848    3017976189 
    184   2207        0     1       tick    3034375731    2011276926             - 
    185   2207        0     0       tick    2969891094    2010839217    2969891094 
    186   2207        0     1       tick    2911844061    2011113553             - 
    187   2207        0     0       tick    3011855751    2010887624    3011855751 
    188   2207        0     1       tick    2995061664    1995021183             - 
    189   2207        0     0       tick    3011384199    2011023361    3011384199 
    190   2207        0     1       tick    3023217017    2011208233             - 
    191   2207        0     0       tick    2927584925    1992419980    2927584925 
    192   2207        0     1       tick    2913217711    2010999560             - 
    193   2207        0     0       tick    2999682318    2010935964    2999682318 
    194   2207        0     1       tick    3007789951    2011039288             - 
    195   2207        0     0       tick    1961519296    2006696779    1961519296 
    196   2207        0     1       tick     903297617    1975509689             - 
    197   2207        0     0       tick    1558830107    2001239242    1558830107 
    198   2207        0     1       tick    1743392088    1986590084             - 
    199   2207        0     0       tick    3016993481    2002736275    3016993481 
    200   2207        0     1       tick    3006686079    2010560652             - 
    201   2207        0     0       tick    2896126718    2010077322    2896126718 
    202   2207        0     1       tick    2947030823    1986869005             - 
    203   2207        0     0       tick    3008633692    2009466030    3008633692 
    204   2207        0     1       tick    3024371981    2011203505             - 
    205   2207        0     0       tick    3012218732    2002976904    3012218732 
    206   2207        0     1       tick    2957066078    2011027081             - 
    207   2207        0     0       tick    2910252092    2010948317    2910252092 
    208   2207        0     1       tick    3001594024    2010334917             - 
    209   2207        0     0       tick    3002547815    2010639809    3002547815 
    210   2207        0     1       tick    3020374820    2010402031             - 
    211   2207        0     0       tick    3009992669    2010376355    3009992669 
    212   2207        0     1       tick    2874288020    1992678914             - 
    213   2207        0     0       tick    2934910839    2010928715    2934910839 
    214   2207        0     1       tick    3010811196    2011096996             - 
    215   2207        0     0       tick    3010074530    2010930674    3010074530 
    216   2207        0     1       tick     776191091    1982988852             - 
    217   2207        0     0       tick    1291829545    1957518134    1291829545 
    218   2207        0     1       tick    1575029449    2002529719             - 
    219   2207        0     0       tick    2499033101    2006893000    2499033101 
    220   2207        0     1       tick    2987423393    2011166929             - 
    221   2207        0     0       tick    2813963146    1994795752    2813963146 
    222   2207        0     1       tick    2975010206    2011263502             - 
    223   2207        0     0       tick    3005989254    2003106810    3005989254 
    224   2207        0     1       tick    3019574822    2010976273             - 
    225   2207        0     0       tick    2975484075    2010949958    2975484075 
    226   2207        0     1       tick    2842724470    2010890252             - 
    227   2207        0     0       tick    2995978237    2011127163    2995978237 
    228   2207        0     1       tick    3022223936    2011199686             - 
    229   2207        0     0       tick    3014865673    2010959904    3014865673 
    230   2207        0     1       tick    2950161907    2011101914             - 
    231   2207        0     0       tick    2857803016    2010843860    2857803016 
    232   2207        0     1       tick    3000013026    2011047950             - 
    233   2207        0     0       tick    2941862454    2010639332    2941862454 
    234   2207        0     1       tick     695764528    1998196105             - 
    235   2207        0     0       tick    1386291087    1978869513    1386291087 
    236   2207        0     1       tick    1562488134    2002608257             - 
    237   2207        0     0       tick    2620613952    2006159898    2620613952 
    238   2207        0     1       tick    2838092732    2010802056             - 
    239   2207        0     0       tick    2939647036    2011024307    2939647036 
    240   2207        0     1       tick    3038634447    2010489484             - 
    241   2207        0     0       tick    3004067985    2010216373    3004067985 
    242   2207        0     1       tick    2791528556    2010737856             - 
    243   2207        0     0       tick    2975869533    2011007316    2975869533 
    244   2207        0     1       tick    3005317638    1995060122             - 
    245   2207        0     0       tick    2995834580    2011073105    2995834580 
    246   2207        0     1       tick    2795877685    2010726500             - 
    247   2207        0     0       tick    3001233930    2011053407    3001233930 
    248   2207        0     1       tick    2489655888    2009025356             - 
    249   2207        0     0       tick     715149482    1969998829     715149482 
    250   2207        0     1       tick    1523817272    1990285771             - 
    251   2207        0     0       tick    1575717202    2002351124    1575717202 
    252   2207        0     1       tick    2443153886    2006677938             - 
    253   2207        0     0       tick    2757867399    2010365419    2757867399 
    254   2207        0     1       tick    3018307105    2011237979             - 
    255   2207        0     0       tick    2867643304    2010705787    2867643304 
    256   2207        0     1       tick    2859578190    2010560734             - 
    257   2207        0     0       tick    3007357443    2011009716    3007357443 
    258   2207        0     1       tick    2742586389    2010436655             - 
    259   2207        0     0       tick    2994061986    2010939340    2994061986 
    260   2207        0     1       tick    1034372711    2003024278             - 
    261   2207        0     0       tick    1260031550    1975829152    1260031550 
    262   2207        0     1       tick    1552925930    2002568251             - 
    263   2207        0     0       tick    1891324461    2003447446    1891324461 
    264   2207        0     1       tick    2717657091    2010344448             - 
    265   2207        0     0       tick    2956081755    2011064153    2956081755 
    266   2207        0     1       tick    2734785179    2010336087             - 
    267   2207        0     0       tick    2712152442    2010111881    2712152442 
    268   2207        0     1       tick    2641688514    2008966929             - 
    269   2207        0     0       tick     712590142    1998686405     712590142 
    270   2207        0     1       tick    1464542506    1977987087             - 
    271   2207        0     0       tick    1552838354    2001884987    1552838354 
    272   2207        0     1       tick    1889024536    2003369106             - 
    273   2207        0     0       tick    2677676933    2009921672    2677676933 
    274   2207        0     1       tick    2682974721    2009933288             - 
    275   2207        0     0       tick    2272956656    2008191724    2272956656 
    276   2207        0     1       tick     718326850    1998917489             - 
    277   2207        0     0       tick    1486966089    1978656528    1486966089 
    278   2207        0     1       tick    1562191241    2002607543             - 
    279   2207        0     0       tick    1675980884    1994453250    1675980884 
    280   2207        0     1       tick    2547970937    2009547168             - 
    281   2207        0     0       tick    1396454517    2004422260    1396454517 
    282   2207        0     1       tick     999748666    1975792265             - 
    283   2207        0     0       tick    1546582268    1993132472    1546582268 
    284   2207        0     1       tick    1575894718    2002393805             - 
    285   2207        0     0       tick    1795990102    2003726868    1795990102 
    286   2207        0     1       tick    1014265346    2002729770             - 
    287   2207        0     0       tick    1138524174    1975758075    1138524174 
    288   2207        0     1       tick    1555390810    2002539734             - 
    289   2207        0     0       tick    1560598368    2002517036    1560598368 
    290   2207        0     1       tick    1507096441    2002562180             - 
    291   2207        0     0       tick     694287125    1982825632     694287125 
    292   2207        0     1       tick    1402189684    1968196208             - 
    293   2207        0     0       tick    1555590555    1992341142    1555590555 
    294   2207        0     1       tick    1480098702    2001251284             - 
    295   2207        0     0       tick    1031679312    2001601061    1031679312 
    296   2207        0     1       tick     973270232    1969419574             - 
    297   2207        0     0       tick    1542881463    1986599868    1542881463 
    298   2207        0     1       tick    1574155788    2001006596             - 
    299   2207        0     0       tick    1322136192    2000511837    1322136192 
    300   2207        0     1       tick     688228298    1981926918             - 
    301   2207        0     0       tick    1387794142    1977924410    1387794142 
    302   2207        0     1       tick    1562995107    2002606009             - 
    303   2207        0     0       tick    1553984207    2002540903    1553984207 
    304   2207        0     1       tick    1334086329    1992330609             - 
    305   2207        0     0       tick     703775129    1998197092     703775129 
    306   2207        0     1       tick    1321682661    1962690696             - 
    307   2207        0     0       tick    1565627316    2000272330    1565627316 
    308   2207        0     1       tick    1562133847    2002376094             - 
    309   2207        0     0       tick    1342691891    2000542447    1342691891 
    310   2207        0     1       tick     724338199    1979764570             - 
    311   2207        0     0       tick    1275152690    1978914326    1275152690 
    312   2207        0     1       tick    1575531087    2002521715             - 
    313   2207        0     0       tick    1557759217    2002540259    1557759217 
    314   2207        0     1       tick    1147822665    2000483458             - 
    315   2207        0     0       tick     717347630    1998817394     717347630 
    316   2207        0     1       tick    1478979304    1962326735             - 
    317   2207        0     0       tick    1561355543    2002533069    1561355543 
    318   2207        0     1       tick    1520242465    2001171686             - 
    319   2207        0     0       tick     966248645    2001266421     966248645 
    320   2207        0     1       tick     881987879    1975380290             - 
    321   2207        0     0       tick    1562805697    2002565099    1562805697 
    322   2207        0     1       tick    1553654837    2002629583             - 
    323   2207        0     0       tick    1425239214    1983765398    1425239214 
    324   2207        0     1       tick     820007294    2001308881             - 
    325   2207        0     0       tick    1101461499    1975494471    1101461499 
    326   2207        0     1       tick    1566971417    2002565161             - 
    327   2207        0     0       tick    1551168374    1986557889    1551168374 
    328   2207        0     1       tick    1342473530    1999214019             - 
    329   2207        0     0       tick     735960388    1998121446     735960388 
    330   2207        0     1       tick    1272538226    1978882178             - 
    331   2207        0     0       tick    1574438216    2002207834    1574438216 
    332   2207        0     1       tick    1484711969    1985142034             - 
    333   2207        0     0       tick     941371740    2001314819     941371740 
    334   2207        0     1       tick     900121328    1957642903             - 
    335   2207        0     0       tick    1562279160    2002506159    1562279160 
    336   2207        0     1       tick    1533805588    1977055536             - 
    337   2207        0     0       tick    1430049091    2000260274    1430049091 
    338   2207        0     1       tick     808514684    2001234040             - 
    339   2207        0     0       tick    1132458229    1975677759    1132458229 
    340   2207        0     1       tick    1554371491    2002520792             - 
    341   2207        0     0       tick    1562048359    2002386834    1562048359 
    342   2207        0     1       tick    1087000514    2000620183             - 
    343   2207        0     0       tick     722068284    1979060048     722068284 
    344   2207        0     1       tick    1541046724    1998250086             - 
    345   2207        0     0       tick    1576824629    2002478795    1576824629 
    346   2207        0     1       tick    1370808348    1984590472             - 
    347   2207        0     0       tick     753709890    2000498773     753709890 
    348   2207        0     1       tick    1200274960    1960326644             - 
    349   2207        0     0       tick    1560864744    2002562882    1560864744 
    350   2207        0     1       tick    1564975255    2000665204             - 
    351   2207        0     0       tick    1002263817    2002320473    1002263817 
    352   2207        0     1       tick     792895601    1979483702             - 
    353   2207        0     0       tick    1551736808    1981933092    1551736808 
    354   2207        0     1       tick    1560380572    2002345624             - 
    355   2207        0     0       tick    1144970324    1999857365    1144970324 
    356   2207        0     1       tick     715320162    1998381316             - 
    357   2207        0     0       tick    1489914195    1978481130    1489914195 
    358   2207        0     1       tick    1547930063    1985854633             - 
    359   2207        0     0       tick    1297604575    2000063058    1297604575 
    360   2207        0     1       tick     689067045    1998522440             - 
    361   2207        0     0       tick    1376738587    1978893145    1376738587 
    362   2207        0     1       tick    1555770607    2002626305             - 
    363   2207        0     0       tick    1455809665    1983410016    1455809665 
    364   2207        0     1       tick     884678620    1999517741             - 
    365   2207        0     0       tick     997872939    1975424246     997872939 
    366   2207        0     1       tick    1540057309    1986422895             - 
    367   2207        0     0       tick    1527232796    1984235537    1527232796 
    368   2207        0     1       tick     973221418    1985649665             - 
    369   2207        0     0       tick     838518724    1975466095     838518724 
    370   2207        0     1       tick    1557404277    2002398713             - 
    371   2207        0     0       tick    1561511174    2002266556    1561511174 
    372   2207        0     1       tick    1326436563    1982350022             - 
    373   2207        0     0       tick     733374889    1997865762     733374889 
    374   2207        0     1       tick    1262849581    1963163136             - 
    375   2207        0     0       tick    1575199677    2002389045    1575199677 
    376   2207        0     1       tick    1387295144    2000250464             - 
    377   2207        0     0       tick     769322075    2001305798     769322075 
    378   2207        0     1       tick    1188861912    1976011223             - 
    379   2207        0     0       tick    1561917024    2002119973    1561917024 
    380   2207        0     1       tick    1542798832    1986598654             - 
    381   2207        0     0       tick    1035801235    2000164657    1035801235 
    382   2207        0     1       tick     770960286    1979788477             - 
    383   2207        0     0       tick    1563040670    1998206684    1563040670 
    384   2207        0     1       tick    1543290112    1986257225             - 
    385   2207        0     0       tick    1169786595    1984208420    1169786595 
    386   2207        0     1       tick     709569629    1998991844             - 
    387   2207        0     0       tick    1453253641    1962545053    1453253641 
    388   2207        0     1       tick    1544407417    1990246192             - 
    389   2207        0     0       tick    1435705828    2000950455    1435705828 
    390   2207        0     1       tick     813890417    1985170148             - 
    391   2207        0     0       tick    1092741103    1974728540    1092741103 
    392   2207        0     1       tick    1571051072    2002508159             - 
    393   2207        0     0       tick    1375946947    2000823761    1375946947 
    394   2207        0     1       tick     737309629    2001415659             - 
    395   2207        0     0       tick    1226575170    1960343144    1226575170 
    396   2207        0     1       tick    1553917627    1986245338             - 
    397   2207        0     0       tick    1556543342    2000686145    1556543342 
    398   2207        0     1       tick     990852188    2002243909             - 
    399   2207        0     0       tick     814616288    1979861064     814616288 
    400   2207        0     1       tick    1560517945    1989608510             - 
    401   2207        0     0       tick    1487103883    2000925757    1487103883 
    402   2207        0     1       tick     914422648    2001631308             - 
    403   2207        0     0       tick     950567899    1975223710     950567899 
    404   2207        0     1       tick    1565740236    2002711658             - 
    405   2207        0     0       tick    1554906247    2000673999    1554906247 
    406   2207        0     1       tick     979326595    1975490676             - 
    407   2207        0     0       tick     802814897    1970986317     802814897 
    408   2207        0     1       tick    1553333202    1977080766             - 
    409   2207        0     0       tick    1565509186    2002574803    1565509186 
    410   2207        0     1       tick    1347574921    2000714227             - 
    411   2207        0     0       tick     736436470    1997895694     736436470 
    412   2207        0     1       tick    1253728263    1962617356             - 
    413   2207        0     0       tick    1572142205    1994603396    1572142205 
    414   2207        0     1       tick    1400556275    2000372769             - 
    415   2207        0     0       tick     777845352    1982469457     777845352 
    416   2207        0     1       tick    1161375203    1974908648             - 
    417   2207        0     0       tick    1564192779    2002017255    1564192779 
    418   2207        0     1       tick    1460316085    2000724606             - 
    419   2207        0     0       tick     873637270    2001356177     873637270 
    420   2207        0     1       tick    1009943962    1966658191             - 
    421   2207        0     0       tick    1569729574    2002419367    1569729574 
    422   2207        0     1       tick    1505777936    1984533628             - 
    423   2207        0     0       tick     966961204    2000423803     966961204 
    424   2207        0     1       tick     858674618    1958644515             - 
    425   2207        0     0       tick    1559278587    2002347732    1559278587 
    426   2207        0     1       tick    1565188481    2002486081             - 
    427   2207        0     0       tick    1327601779    1999707915    1327601779 
    428   2207        0     1       tick     709216247    1997967529             - 
    429   2207        0     0       tick    1314592399    1978860019    1314592399 
    430   2207        0     1       tick    1575987879    2002556722             - 
    431   2207        0     0       tick    1484326089    2000619142    1484326089 
    432   2207        0     1       tick     910527832    2001504055             - 
    433   2207        0     0       tick     956402975    1975636823     956402975 
    434   2207        0     1       tick    1564586232    2002686706             - 
    435   2207        0     0       tick    1577932509    2001566133    1577932509 
    436   2207        0     1       tick    1234135646    1984097693             - 
    437   2207        0     0       tick     696080210    1998646113     696080210 
    438   2207        0     1       tick    1409493173    1978990220             - 
    439   2207        0     0       tick    1564436213    2002076197    1564436213 
    440   2207        0     1       tick    1545814655    1986532832             - 
    441   2207        0     0       tick    1312936647    2000359470    1312936647 
    442   2207        0     1       tick     688691869    1998842652             - 
    443   2207        0     0       tick    1372680155    1979105548    1372680155 
    444   2207        0     1       tick    1559407691    2002503786             - 
    445   2207        0     0       tick    1547721644    1986089628    1547721644 
    446   2207        0     1       tick    1442554678    2000607843             - 
    447   2207        0     0       tick     830202018    2001136348     830202018 
    448   2207        0     1       tick    1065217530    1957830413             - 
    449   2207        0     0       tick    1580675372    2002529892    1580675372 
    450   2207        0     1       tick    1555436371    1986698604             - 
    451   2207        0     0       tick    1345141940    2000043687    1345141940 
    452   2207        0     1       tick     736797908    1999285317             - 
    453   2207        0     0       tick    1265436267    1978194417    1265436267 
    454   2207        0     1       tick    1578264732    2001900365             - 
    455   2207        0     0       tick    1559033124    2002493527    1559033124 
    456   2207        0     1       tick    1171935572    2000498225             - 
    457   2207        0     0       tick     710681654    1998678785     710681654 
    458   2207        0     1       tick    1472902729    1979025106             - 
    459   2207        0     0       tick    1556899809    2002485476    1556899809 
    460   2207        0     1       tick    1319320278    2000156954             - 
    461   2207        0     0       tick     688820804    1998622413     688820804 
    462   2207        0     1       tick    1365318020    1978330668             - 
    463   2207        0     0       tick    1545409002    1985892003    1545409002 
    464   2207        0     1       tick    1368566227    2000638172             - 
    465   2207        0     0       tick     721826365    2001233204     721826365 
    466   2207        0     1       tick    1266232186    1974868287             - 
    467   2207        0     0       tick    1557153701    2002527310    1557153701 
    468   2207        0     1       tick    1430171494    2000415783             - 
    469   2207        0     0       tick     804891592    2000261431     804891592 
    470   2207        0     1       tick    1136851759    1976068768             - 
    471   2207        0     0       tick    1547910024    1986588036    1547910024 
    472   2207        0     1       tick    1464889502    1980947880             - 
    473   2207        0     0       tick     900703853    2001431634     900703853 
    474   2207        0     1       tick     980227654    1975443437             - 
    475   2207        0     0       tick    1548109388    1991922493    1548109388 
    476   2207        0     1       tick    1543422823    1993036162             - 
    477   2207        0     0       tick     984659221    2001542782     984659221 
    478   2207        0     1       tick     832462873    1973493469             - 
    479   2207        0     0       tick    1566296553    2000905811    1566296553 
    480   2207        0     1       tick    1554686775    1986088426             - 
    481   2207        0     0       tick    1097788454    1984293235    1097788454 
    482   2207        0     1       tick     717175801    1987345796             - 
    483   2207        0     0       tick    1527305573    1990248697    1527305573 
    484   2207        0     1       tick    1579413444    2002313224             - 
    485   2207        0     0       tick    1239266699    2000622533    1239266699 
    486   2207        0     1       tick     698851912    1998973729             - 
    487   2207        0     0       tick    1416931523    1978683082    1416931523 
    488   2207        0     1       tick    1565078078    2002807671             - 
    489   2207        0     0       tick    1450276246    2000673233    1450276246 
    490   2207        0     1       tick     844928707    2001078531             - 
    491   2207        0     0       tick    1059014774    1975676400    1059014774 
    492   2207        0     1       tick    1581576838    2002639133             - 
    493   2207        0     0       tick    1566418647    2002339172    1566418647 
    494   2207        0     1       tick    1135513857    2000308993             - 
    495   2207        0     0       tick     711331012    1982026775     711331012 
    496   2207        0     1       tick    1482791978    1961866836             - 
    497   2207        0     0       tick    1568615167    2002313393    1568615167 
    498   2207        0     1       tick    1414164303    1999727962             - 
    499   2207        0     0       tick     784621073    1984527924     784621073 
    500   2207        0     1       tick    1156730794    1976029747             - 
    501   2207        0     0       tick    1564572460    2002261467    1564572460 
    502   2207        0     1       tick    1559977026    2002597692             - 
    503   2207        0     0       tick    1061196874    1999771391    1061196874 
    504   2207        0     1       tick     751213432    1979822667             - 
    505   2207        0     0       tick    1562517855    1997731333    1562517855 
    506   2207        0     1       tick    1563385525    2002613686             - 
    507   2207        0     0       tick    1375310122    2000292653    1375310122 
    508   2207        0     1       tick     725652683    2000715591             - 
    509   2207        0     0       tick    1264167159    1974127346    1264167159 
    510   2207        0     1       tick    1558000901    2002422413             - 
    511   2207        0     0       tick    1540358601    2000001839    1540358601 
    512   2207        0     1       tick     980351869    2001425481             - 
    513   2207        0     0       tick     852908132    1965986506     852908132 
    514   2207        0     1       tick    1548684561    1989735602             - 
    515   2207        0     0       tick    1566288242    2002342857    1566288242 
    516   2207        0     1       tick    1342261702    2000444278             - 
    517   2207        0     0       tick     718531035    1998164617     718531035 
    518   2207        0     1       tick    1301311449    1979260442             - 
    519   2207        0     0       tick    1579249023    2002507360    1579249023 
    520   2207        0     1       tick    1479621906    1984903785             - 
    521   2207        0     0       tick     926098291    2001165318     926098291 
    522   2207        0     1       tick     934350558    1959495020             - 
    523   2207        0     0       tick    1564591358    2001611318    1564591358 
    524   2207        0     1       tick    1580763305    2002589888             - 
    525   2207        0     0       tick    1259940431    2000232527    1259940431 
    526   2207        0     1       tick     689572153    1982531284             - 
    527   2207        0     0       tick    1401659747    1978729172    1401659747 
    528   2207        0     1       tick    1555113486    1985613232             - 
    529   2207        0     0       tick    1457349029    2000569198    1457349029 
    530   2207        0     1       tick     864345305    2001122508             - 
    531   2207        0     0       tick    1033643039    1974323600    1033643039 
    532   2207        0     1       tick    1579240919    2002494281             - 
    533   2207        0     0       tick    1557987219    2001062603    1557987219 
    534   2207        0     1       tick    1172787475    1999977945             - 
    535   2207        0     0       tick     713210559    1998216233     713210559 
    536   2207        0     1       tick    1481664728    1978858990             - 
    537   2207        0     0       tick    1559501297    2002585886    1559501297 
    538   2207        0     1       tick    1428030989    2000645283             - 
    539   2207        0     0       tick     799415870    2000889618     799415870 
    540   2207        0     1       tick    1140370478    1960039033             - 
    541   2207        0     0       tick    1558599652    2002601409    1558599652 
    542   2207        0     1       tick    1565891512    2002689192             - 
    543   2207        0     0       tick    1068249734    1983806329    1068249734 
    544   2207        0     1       tick     731860359    1979498979             - 
    545   2207        0     0       tick    1545051605    1997896507    1545051605 
    546   2207        0     1       tick    1581847798    2002489173             - 
    547   2207        0     0       tick    1378650811    2000424107    1378650811 
    548   2207        0     1       tick     740480898    2001414435             - 
    549   2207        0     0       tick    1233778895    1975924986    1233778895 
    550   2207        0     1       tick    1551994041    1985329451             - 
    551   2207        0     0       tick    1548830016    1983459912    1548830016 
    552   2207        0     1       tick     997525401    2001846093             - 
    553   2207        0     0       tick     809340708    1979685838     809340708 
    554   2207        0     1       tick    1566860716    1998277603             - 
    555   2207        0     0       tick    1567302048    2002643161    1567302048 
    556   2207        0     1       tick    1346311663    1999770952             - 
    557   2207        0     0       tick     742465564    1998245234     742465564 
    558   2207        0     1       tick    1265579124    1979356893             - 
    559   2207        0     0       tick    1579431102    2002309670    1579431102 
    560   2207        0     1       tick    1487181388    1984505832             - 
    561   2207        0     0       tick     948298439    2000962008     948298439 
    562   2207        0     1       tick     893097979    1960064487             - 
    563   2207        0     0       tick    1561453141    1994198122    1561453141 
    564   2207        0     1       tick    1557858979    2002497789             - 
    565   2207        0     0       tick    1322323534    2000462264    1322323534 
    566   2207        0     1       tick     689391861    1998386669             - 
    567   2207        0     0       tick    1360222818    1975165344    1360222818 
    568   2207        0     1       tick    1557699374    2001311719             - 
    569   2207        0     0       tick    1476431334    1999909388    1476431334 
    570   2207        0     1       tick     891861982    2001446274             - 
    571   2207        0     0       tick     992099971    1975517223     992099971 
    572   2207        0     1       tick    1558223010    2002726700             - 
    573   2207        0     0       tick    1581553359    2002285396    1581553359 
    574   2207        0     1       tick    1210886337    2000745189             - 
    575   2207        0     0       tick     703593194    1998767453     703593194 
    576   2207        0     1       tick    1438476005    1978593755             - 
    577   2207        0     0       tick    1564767744    2002424708    1564767744 
    578   2207        0     1       tick    1557790451    2000774124             - 
    579   2207        0     0       tick     992537824    2002037787     992537824 
    580   2207        0     1       tick     815352132    1979944908             - 
    581   2207        0     0       tick    1568714265    1997803001    1568714265 
    582   2207        0     1       tick    1566936336    2002656699             - 
    583   2207        0     0       tick    1330819228    1982080524    1330819228 
    584   2207        0     1       tick     741246381    1998597206             - 
    585   2207        0     0       tick    1265015606    1979233385    1265015606 
    586   2207        0     1       tick    1580046848    2002582299             - 
    587   2207        0     0       tick    1393631287    2000809827    1393631287 
    588   2207        0     1       tick     771962219    2001207368             - 
    589   2207        0     0       tick    1174488670    1957938567    1174488670 
    590   2207        0     1       tick    1565495090    2002686357             - 
    591   2207        0     0       tick    1456818724    2000718409    1456818724 
    592   2207        0     1       tick     860919129    2001381556             - 
    593   2207        0     0       tick    1029078454    1967451101    1029078454 
    594   2207        0     1       tick    1580724017    2002678389             - 
    595   2207        0     0       tick    1497342143    1994735634    1497342143 
    596   2207        0     1       tick     951540751    2001394793             - 
    597   2207        0     0       tick     899637613    1975826193     899637613 
    598   2207        0     1       tick    1549376368    1978660028             - 
    599   2207        0     0       tick    1546293485    1986554895    1546293485 
    600   2207        0     1       tick    1054341260    1999882640             - 
    601   2207        0     0       tick     751066812    1978289589     751066812 
    602   2207        0     1       tick    1565311901    1998146181             - 
    603   2207        0     0       tick    1562447078    2002314536    1562447078 
    604   2207        0     1       tick    1182656302    2000465534             - 
    605   2207        0     0       tick     708964566    1998896364     708964566 
    606   2207        0     1       tick    1468518505    1978589032             - 
    607   2207        0     0       tick    1556927493    2002522273    1556927493 
    608   2207        0     1       tick    1324398391    2000560421             - 
    609   2207        0     0       tick     693137868    1998544352     693137868 
    610   2207        0     1       tick    1354196556    1976927478             - 
    611   2207        0     0       tick    1559878894    2002404844    1559878894 
    612   2207        0     1       tick    1360748859    1984383105             - 
    613   2207        0     0       tick     726674542    2001189622     726674542 
    614   2207        0     1       tick    1258231616    1975259696             - 
    615   2207        0     0       tick    1557106410    2002701734    1557106410 
    616   2207        0     1       tick    1432949599    2000510164             - 
    617   2207        0     0       tick     810337485    1993547707     810337485 
    618   2207        0     1       tick    1119401120    1975511278             - 
    619   2207        0     0       tick    1549967226    1984699359    1549967226 
    620   2207        0     1       tick    1468269332    1976700313             - 
    621   2207        0     0       tick     911456781    2000992412     911456781 
    622   2207        0     1       tick     944097456    1957852174             - 
    623   2207        0     0       tick    1544888016    1978303547    1544888016 
    624   2207        0     1       tick    1561950410    2000475984             - 
    625   2207        0     0       tick     999678223    2002364067     999678223 
    626   2207        0     1       tick     795958803    1963895742             - 
    627   2207        0     0       tick    1556482809    1981914913    1556482809 
    628   2207        0     1       tick    1565712691    2001739648             - 
    629   2207        0     0       tick    1133872410    2000463069    1133872410 
    630   2207        0     1       tick     718230757    1998768516             - 
    631   2207        0     0       tick    1497966657    1975481550    1497966657 
    632   2207        0     1       tick    1580586635    2002690423             - 
    633   2207        0     0       tick    1263171044    2000395114    1263171044 
    634   2207        0     1       tick     693573126    1998422911             - 
    635   2207        0     0       tick    1399195519    1978407952    1399195519 
    636   2207        0     1       tick    1555408801    1986848085             - 
    637   2207        0     0       tick    1450119125    1987242318    1450119125 
    638   2207        0     1       tick     870590070    2001231744             - 
    639   2207        0     0       tick    1014235456    1959796731    1014235456 
    640   2207        0     1       tick    1569652792    1994423172             - 
    641   2207        0     0       tick    1508860759    2000810145    1508860759 
    642   2207        0     1       tick     960193081    2000976330             - 
    643   2207        0     0       tick     884790339    1975291314     884790339 
    644   2207        0     1       tick    1567631222    2002595709             - 
    645   2207        0     0       tick    1545841085    1986415244    1545841085 
    646   2207        0     1       tick    1055505839    1992090598             - 
    647   2207        0     0       tick     749384742    1979738731     749384742 
    648   2207        0     1       tick    1556223576    1996974846             - 
    649   2207        0     0       tick    1566040571    2002412715    1566040571 
    650   2207        0     1       tick    1376155683    2000659105             - 
    651   2207        0     0       tick     723814219    1984959064     723814219 
    652   2207        0     1       tick    1231078616    1953740372             - 
    653   2207        0     0       tick    1565592737    2002410988    1565592737 
    654   2207        0     1       tick    1545678678    1990894383             - 
    655   2207        0     0       tick     986903349    1987143826     986903349 
    656   2207        0     1       tick     817215729    1979943879             - 
    657   2207        0     0       tick    1568569117    1997915839    1568569117 
    658   2207        0     1       tick    1566231787    2001935342             - 
    659   2207        0     0       tick    1111239372    2000478292    1111239372 
    660   2207        0     1       tick     716409428    1985744841             - 
    661   2207        0     0       tick    1512090962    1973756680    1512090962 
    662   2207        0     1       tick    1580109343    2002787767             - 
    663   2207        0     0       tick    1392102710    2000352638    1392102710 
    664   2207        0     1       tick     769510409    2001010045             - 
    665   2207        0     0       tick    1192222382    1975721048    1192222382 
    666   2207        0     1       tick    1565080601    2002778175             - 
    667   2207        0     0       tick    1333527586    1984410034    1333527586 
    668   2207        0     1       tick     741705775    1998217709             - 
    669   2207        0     0       tick    1253541760    1963288370    1253541760 
    670   2207        0     1       tick    1580891371    2002517061             - 
    671   2207        0     0       tick    1560207894    2002243519    1560207894 
    672   2207        0     1       tick    1163249892    2000451311             - 
    673   2207        0     0       tick     712728392    1998871323     712728392 
    674   2207        0     1       tick    1480294137    1978506939             - 
    675   2207        0     0       tick    1559184689    2002668932    1559184689 
    676   2207        0     1       exit     513176118     644711588             - 
