[Event-to-counter mappings]
pmc0=instr_retired_fixed(0),instr(1)
pmc1=unhalted_core_cycles_fixed(0),cycles(1)
pmc2=unhalted_ref_cycles_fixed(0)
pmc3=llc_misses(0),l2_misses(1)
pmc4=branch_instr_retired(0)
[Event counts]
nsample    pid coretype expid      event          pmc0          pmc1          pmc2          pmc3          pmc4
      1   2164        0     0       tick     779796387    1398808209    1401516738     779796387      91990232 
      2   2164        0     1       tick     724456692    1933852379             -             0             - 
      3   2164        0     0       tick    1181143908    1931220108    1931134320    1181143908      62565968 
      4   2164        0     1       tick    1174112164    1979266997             -             0             - 
      5   2164        0     0       tick     787637003    1969005079    1969001604     787637003      24856747 
      6   2164        0     1       tick    1348587639    1976851850             -             0             - 
      7   2164        0     0       tick    2879160085    2010055306    2010024666    2879160085     412537059 
      8   2164        0     1       tick    2959532893    2010972329             -             0             - 
      9   2164        0     0       tick    2878113291    2009911917    2009919414    2878113291     411089426 
     10   2164        0     1       tick    2927669246    1986781845             -             0             - 
     11   2164        0     0       tick    2862849097    2010083988    2010125454    2862849097     409085927 
     12   2164        0     1       tick    2970804743    2010707035             -             0             - 
     13   2164        0     0       tick    1553122838    1996711012    1996777842    1553122838     171366552 
     14   2164        0     1       tick    1017521992    1967920032             -             0             - 
     15   2164        0     0       tick    1915152632    2002915205    2002887318    1915152632     205803411 
     16   2164        0     1       tick    2964226716    2011051259             -             0             - 
     17   2164        0     0       tick    2959103255    2010736958    2010752160    2959103255     428506387 
     18   2164        0     1       tick    2887002350    2010063676             -             0             - 
     19   2164        0     0       tick    2963727481    2010066435    2010080502    2963727481     429558162 
     20   2164        0     1       tick    2907538036    2009827985             -             0             - 
     21   2164        0     0       tick    2959914110    2010587684    2010617376    2959914110     428524630 
     22   2164        0     1       tick    2762807566    2009618712             -             0             - 
     23   2164        0     0       tick     737196416    1988909977    1988917134     737196416      21352124 
     24   2164        0     1       tick    1287550492    1971069907             -             0             - 
     25   2164        0     0       tick    2612309480    2006744551    2006720694    2612309480     367031146 
     26   2164        0     1       tick    2920489530    1994085816             -             0             - 
     27   2164        0     0       tick    2848591812    1993867942    1993902660    2848591812     411151640 
     28   2164        0     1       tick    2938793038    2011054056             -             0             - 
     29   2164        0     0       tick    2865420285    2010058018    2010137496    2865420285     413207149 
     30   2164        0     1       tick    2919803038    1994752837             -             0             - 
     31   2164        0     0       tick    1638756995    2005233033    2005262142    1638756995     188811246 
     32   2164        0     1       tick     950298508    1951511286             -             0             - 
     33   2164        0     0       tick    1404439671    1983267045    1983860820    1404439671      79223774 
     34   2164        0     1       tick    2770477874    2010723151             -             0             - 
     35   2164        0     0       tick    2957035613    2009691216    2009722074    2957035613     430273126 
     36   2164        0     1       tick    2921453827    2009585391             -             0             - 
     37   2164        0     0       tick    2961630711    2010799645    2010797808    2961630711     430303295 
     38   2164        0     1       tick    2959512610    2011044908             -             0             - 
     39   2164        0     0       tick    2919413975    2010285925    2010318660    2919413975     421281502 
     40   2164        0     1       tick    2955208421    2010991382             -             0             - 
     41   2164        0     0       tick    2958435653    2010687123    2010710550    2958435653     429983575 
     42   2164        0     1       tick    1221222470    2003558787             -             0             - 
     43   2164        0     0       tick    1068850010    1967255041    1967284020    1068850010      57633813 
     44   2164        0     1       tick    1505909999    2001567820             -             0             - 
     45   2164        0     0       tick    2986321369    2010668222    2010664524    2986321369     432029091 
     46   2164        0     1       tick    2972359314    1994668425             -             0             - 
     47   2164        0     0       tick    2971126770    2010532593    2010547908    2971126770     429747244 
     48   2164        0     1       tick    2935148703    2010593824             -             0             - 
     49   2164        0     0       tick    2968161325    1994697985    1994705970    2968161325     429563978 
     50   2164        0     1       tick    2990812422    2010608906             -             0             - 
     51   2164        0     0       tick    2997490052    2010721959    2010703128    2997490052     433449202 
     52   2164        0     1       tick    2917163931    2010573814             -             0             - 
     53   2164        0     0       tick    2975264229    2010632194    2010652608    2975264229     430169523 
     54   2164        0     1       tick    2994574867    2010732857             -             0             - 
     55   2164        0     0       tick    3005419401    2010721081    2010733686    3005419401     434644454 
     56   2164        0     1       tick    1564106846    2005207544             -             0             - 
     57   2164        0     0       tick     934134833    1967391919    1967402352     934134833      47206712 
     58   2164        0     1       tick    1429809228    2002310344             -             0             - 
     59   2164        0     0       tick    2226682276    2004389604    2004321072    2226682276     276128701 
     60   2164        0     1       tick    2936814343    1994566481             -             0             - 
     61   2164        0     0       tick    2964525230    2010760131    2010763002    2964525230     429270246 
     62   2164        0     1       tick    2974540057    2010897977             -             0             - 
     63   2164        0     0       tick    2934139598    2009431393    2009474358    2934139598     422854058 
     64   2164        0     1       tick    2937462816    1986606415             -             0             - 
     65   2164        0     0       tick    2987107038    2010080361    2010098412    2987107038     432612699 
     66   2164        0     1       tick    2982496996    2009985971             -             0             - 
     67   2164        0     0       tick    2944610096    1994340314    1994350764    2944610096     427061685 
     68   2164        0     1       tick    2940099453    2009924134             -             0             - 
     69   2164        0     0       tick    2976314526    2010592722    2010597744    2976314526     431015099 
     70   2164        0     1       tick    2991899229    2010726586             -             0             - 
     71   2164        0     0       tick    2974208026    2010869561    2010868704    2974208026     431223282 
     72   2164        0     1       tick    1920765664    2006467392             -             0             - 
     73   2164        0     0       tick     790287453    1965106767    1965077220     790287453      35296863 
     74   2164        0     1       tick    1416830493    1996117983             -             0             - 
     75   2164        0     0       tick    1959927488    1987530287    1987483482    1959927488     215608854 
     76   2164        0     1       tick    2982389039    2010909602             -             0             - 
     77   2164        0     0       tick    2990376597    2010522580    2010514494    2990376597     433493981 
     78   2164        0     1       tick    2971425794    1991727579             -             0             - 
     79   2164        0     0       tick    2984761834    2010626913    2010636948    2984761834     432066564 
     80   2164        0     1       tick    2989634436    2010797844             -             0             - 
     81   2164        0     0       tick    2998660588    2010099447    2010112380    2998660588     429981419 
     82   2164        0     1       tick    2957153893    1994909124             -             0             - 
     83   2164        0     0       tick    2991168257    2010720500    2010718788    2991168257     433530051 
     84   2164        0     1       tick    3004532877    2010914065             -             0             - 
     85   2164        0     0       tick    3001011332    2010782664    2010770928    3001011332     433944459 
     86   2164        0     1       tick    2979478028    2010819480             -             0             - 
     87   2164        0     0       tick    2981953839    2010576114    2010566652    2981953839     428839795 
     88   2164        0     1       tick    2952065945    1994821689             -             0             - 
     89   2164        0     0       tick    2982342536    2010632055    2010628218    2982342536     432063766 
     90   2164        0     1       tick    3012389015    2010732214             -             0             - 
     91   2164        0     0       tick    3002952582    2010312385    2010315450    3002952582     434069382 
     92   2164        0     1       tick    2990073027    2010697407             -             0             - 
     93   2164        0     0       tick    2981671755    2010460319    2010470850    2981671755     429898074 
     94   2164        0     1       tick     885180706    2002008938             -             0             - 
     95   2164        0     0       tick    1143258902    1967857865    1967864394    1143258902      68465201 
     96   2164        0     1       tick    1389885459    1974318052             -             0             - 
     97   2164        0     0       tick    2682250761    2007293875    2007139848    2682250761     376887923 
     98   2164        0     1       tick    3011885383    2010988083             -             0             - 
     99   2164        0     0       tick    3006983502    2010701194    2010696720    3006983502     435507264 
    100   2164        0     1       tick    2993706946    2010863153             -             0             - 
    101   2164        0     0       tick    3005868990    2010789640    2010768588    3005868990     435276855 
    102   2164        0     1       tick    3009050581    2010817988             -             0             - 
    103   2164        0     0       tick    3006129826    2010723154    2010744906    3006129826     434259412 
    104   2164        0     1       tick    3007017706    2010769250             -             0             - 
    105   2164        0     0       tick    2978625838    1994563833    1994590008    2978625838     430456254 
    106   2164        0     1       tick    2990281249    2010786973             -             0             - 
    107   2164        0     0       tick    2981284705    2010725102    2010743664    2981284705     432916900 
    108   2164        0     1       tick    2988736498    2010938659             -             0             - 
    109   2164        0     0       tick    2996516498    2010872293    2010866844    2996516498     433215969 
    110   2164        0     1       tick    2990659483    2010837546             -             0             - 
    111   2164        0     0       tick    2997040675    2010465623    2010486540    2997040675     431203795 
    112   2164        0     1       tick    2987874420    2010293238             -             0             - 
    113   2164        0     0       tick    2966610105    2010420240    2010439176    2966610105     429521782 
    114   2164        0     1       tick    2975911199    2010840638             -             0             - 
    115   2164        0     0       tick    3003053150    2010777105    2010786936    3003053150     435247116 
    116   2164        0     1       tick    3010429793    2011034177             -             0             - 
    117   2164        0     0       tick    2989712399    2010575945    2010563154    2989712399     432442439 
    118   2164        0     1       tick    1800400513    1999682309             -             0             - 
    119   2164        0     0       tick     820547793    1972808534    1972841100     820547793      37405389 
    120   2164        0     1       tick    1416707806    1994201214             -             0             - 
    121   2164        0     0       tick    1506608625    2000248983    2000148126    1506608625     113969532 
    122   2164        0     1       tick    3001973377    2010449427             -             0             - 
    123   2164        0     0       tick    3007793156    2009966993    2009964240    3007793156     435094059 
    124   2164        0     1       tick    2992203211    2010395968             -             0             - 
    125   2164        0     0       tick    2939790190    1996378987    2002367250    2939790190     431509610 
    126   2164        0     1       tick    3000683910    2010831928             -             0             - 
    127   2164        0     0       tick    3003130266    2010714258    2010701886    3003130266     434964302 
    128   2164        0     1       tick    3008218304    2011002202             -             0             - 
    129   2164        0     0       tick    2993953204    2010495536    2010517320    2993953204     433946551 
    130   2164        0     1       tick    2978631300    1986711447             -             0             - 
    131   2164        0     0       tick    2983883064    2010675709    2010676806    2983883064     435149753 
    132   2164        0     1       tick    2966689116    2010620106             -             0             - 
    133   2164        0     0       tick    2968252720    1992055580    1994090178    2968252720     431308026 
    134   2164        0     1       tick    3008545500    2010939530             -             0             - 
    135   2164        0     0       tick    3011914611    2010642165    2010647100    3011914611     435428462 
    136   2164        0     1       tick    3001631513    2010949055             -             0             - 
    137   2164        0     0       tick    3007759249    2010832651    2010825894    3007759249     435176296 
    138   2164        0     1       tick    2985016085    2010694247             -             0             - 
    139   2164        0     0       tick    2978280017    2010658263    2010666792    2978280017     437001956 
    140   2164        0     1       tick    2997076744    2011014873             -             0             - 
    141   2164        0     0       tick    3009503585    2010696623    2010708810    3009503585     435934899 
    142   2164        0     1       tick    2998521855    2010780754             -             0             - 
    143   2164        0     0       tick     678778614    1975102658    1983014862     678778614      20175815 
    144   2164        0     1       tick    1153678350    1968616384             -             0             - 
    145   2164        0     0       tick    1426782803    2001632288    2001600786    1426782803      81968867 
    146   2164        0     1       tick    2252152455    2003885859             -             0             - 
    147   2164        0     0       tick    3009284347    2010168875    2010182316    3009284347     436398256 
    148   2164        0     1       tick    3008837769    2010777393             -             0             - 
    149   2164        0     0       tick    2971127639    2010655761    2010657840    2971127639     435531824 
    150   2164        0     1       tick    2954791976    2010763309             -             0             - 
    151   2164        0     0       tick    3008853132    2010829319    2010852360    3008853132     436670600 
    152   2164        0     1       tick    2997392105    2011016819             -             0             - 
    153   2164        0     0       tick    2982113239    1988299751    1994314998    2982113239     431857664 
    154   2164        0     1       tick    3007925635    2010650722             -             0             - 
    155   2164        0     0       tick    2994176856    2010743330    2010739950    2994176856     434999762 
    156   2164        0     1       tick    2956522228    2010860853             -             0             - 
    157   2164        0     0       tick    2952570507    2010831244    2010840120    2952570507     432985534 
    158   2164        0     1       tick    3001234259    2011051798             -             0             - 
    159   2164        0     0       tick    3007025576    2010745891    2010741516    3007025576     436087801 
    160   2164        0     1       tick    3017431848    2010936672             -             0             - 
    161   2164        0     0       tick    2988079789    2002759192    2002758366    2988079789     433799676 
    162   2164        0     1       tick    3004631399    2010726733             -             0             - 
    163   2164        0     0       tick    2956499235    2010692138    2010682038    2956499235     433259628 
    164   2164        0     1       tick    2948557804    2011021669             -             0             - 
    165   2164        0     0       tick    2999916469    2010684956    2010710550    2999916469     435933199 
    166   2164        0     1       tick    3006369620    2010765037             -             0             - 
    167   2164        0     0       tick    2710206639    2009425274    2009428860    2710206639     382251622 
    168   2164        0     1       tick     686957616    1998048850             -             0             - 
    169   2164        0     0       tick    1238907874    1962358642    1962306894    1238907874      69086444 
    170   2164        0     1       tick    1417775314    2002524468             -             0             - 
    171   2164        0     0       tick    1913029453    2003095139    2003150730    1913029453     205116928 
    172   2164        0     1       tick    3010127274    2010361282             -             0             - 
    173   2164        0     0       tick    2998794213    2010242233    2010267204    2998794213     436598574 
    174   2164        0     1       tick    2933151577    2010577743             -             0             - 
    175   2164        0     0       tick    2958065035    2010769238    2010764322    2958065035     434566267 
    176   2164        0     1       tick    3017189076    2010703087             -             0             - 
    177   2164        0     0       tick    3016257532    2010151050    2010152148    3016257532     437640783 
    178   2164        0     1       tick    3004279001    2011002595             -             0             - 
    179   2164        0     0       tick    3007580888    2010825964    2010833256    3007580888     436215090 
    180   2164        0     1       tick    2964456536    2010353320             -             0             - 
    181   2164        0     0       tick    2935562961    2010021209    2010050490    2935562961     432115669 
    182   2164        0     1       tick    2982534894    2010461834             -             0             - 
    183   2164        0     0       tick    2999191234    2010507614    2010529248    2999191234     434459512 
    184   2164        0     1       tick    2989856555    2010876951             -             0             - 
    185   2164        0     0       tick    2971857627    1994726858    1994734428    2971857627     430789311 
    186   2164        0     1       tick    2983723699    1994563093             -             0             - 
    187   2164        0     0       tick    2932520909    2010709193    2010728754    2932520909     431200372 
    188   2164        0     1       tick    2902887157    1988016850             -             0             - 
    189   2164        0     0       tick    2975472171    1992600570    1994617722    2975472171     433160417 
    190   2164        0     1       tick    2990319253    1994759044             -             0             - 
    191   2164        0     0       tick    1958290571    2006623388    2006620020    1958290571     248176797 
    192   2164        0     1       tick     767269107    1973585078             -             0             - 
    193   2164        0     0       tick    1416487079    1995859302    1995781506    1416487079      79507775 
    194   2164        0     1       tick    1419261650    2001698097             -             0             - 
    195   2164        0     0       tick    2391654406    1989409766    1989253302    2391654406     312689635 
    196   2164        0     1       tick    3004651158    2010648054             -             0             - 
    197   2164        0     0       tick    2968410769    2010523760    2010501030    2968410769     436534122 
    198   2164        0     1       tick    2883494481    1992637926             -             0             - 
    199   2164        0     0       tick    2989658416    2010923969    2010952788    2989658416     439022878 
    200   2164        0     1       tick    3017949220    2010867376             -             0             - 
    201   2164        0     0       tick    3020043622    2010415734    2010432972    3020043622     437082086 
    202   2164        0     1       tick    3028101375    2011178251             -             0             - 
    203   2164        0     0       tick    2981166077    2010932559    2010928854    2981166077     437140778 
    204   2164        0     1       tick    2905486316    2010925963             -             0             - 
    205   2164        0     0       tick    2960983745    2010729952    2010736350    2960983745     435442500 
    206   2164        0     1       tick    3024734943    2011104313             -             0             - 
    207   2164        0     0       tick    3029287169    2010806733    2010815040    3029287169     438238337 
    208   2164        0     1       tick    3020942501    2011002129             -             0             - 
    209   2164        0     0       tick    3004929258    2010952351    2010955236    3004929258     437323566 
    210   2164        0     1       tick    2933927647    2010859490             -             0             - 
    211   2164        0     0       tick    2898271023    1994729095    1994734446    2898271023     426203830 
    212   2164        0     1       tick    2997742654    2011011825             -             0             - 
    213   2164        0     0       tick    3023415949    2010910089    2010938790    3023415949     437401197 
    214   2164        0     1       tick    2060696692    2006579877             -             0             - 
    215   2164        0     0       tick     738170693    1973331873    1973366382     738170693      32569865 
    216   2164        0     1       tick    1382342111    1970755173             -             0             - 
    217   2164        0     0       tick    1420815670    1986245336    1986264210    1420815670      82220127 
    218   2164        0     1       tick    2304306042    2005633490             -             0             - 
    219   2164        0     0       tick    2998996365    2010704259    2010722688    2998996365     438360582 
    220   2164        0     1       tick    2918160937    2010736873             -             0             - 
    221   2164        0     0       tick    2917055427    2010661256    2010674814    2917055427     429131713 
    222   2164        0     1       tick    2999061706    2011017629             -             0             - 
    223   2164        0     0       tick    3034262073    2011085162    2011102038    3034262073     439302506 
    224   2164        0     1       tick    2991168439    1994832519             -             0             - 
    225   2164        0     0       tick    2939965604    2010745690    2010738348    2939965604     433651251 
    226   2164        0     1       tick    2864551997    1994932917             -             0             - 
    227   2164        0     0       tick    2941985101    1988943916    1994926704    2941985101     432188656 
    228   2164        0     1       tick    3024625046    2010983803             -             0             - 
    229   2164        0     0       tick    3017130886    2010795837    2010811674    3017130886     437175614 
    230   2164        0     1       tick    2975339385    2011069540             -             0             - 
    231   2164        0     0       tick    2871049594    2010401573    2010402750    2871049594     421139518 
    232   2164        0     1       tick    2955673741    2011098244             -             0             - 
    233   2164        0     0       tick    3023874195    2011023733    2011020558    3023874195     439489996 
    234   2164        0     1       tick    2314629805    2008162623             -             0             - 
    235   2164        0     0       tick     708621069    1982646137    1982665902     708621069      20605950 
    236   2164        0     1       tick    1347119568    1970338653             -             0             - 
    237   2164        0     0       tick    1391514674    1984319524    1986357072    1391514674      74733948 
    238   2164        0     1       tick    2127001451    1988224717             -             0             - 
    239   2164        0     0       tick    2953524023    2002885602    2002913142    2953524023     436157029 
    240   2164        0     1       tick    2815403546    2010722786             -             0             - 
    241   2164        0     0       tick    2971992291    1994946718    1994949756    2971992291     436312289 
    242   2164        0     1       tick    3006414261    2011105371             -             0             - 
    243   2164        0     0       tick    2830461845    1994490813    1994477430    2830461845     419715496 
    244   2164        0     1       tick    2884482247    2010942588             -             0             - 
    245   2164        0     0       tick    3015742690    2010811480    2010814452    3015742690     440231749 
    246   2164        0     1       tick    3003700623    2010905241             -             0             - 
    247   2164        0     0       tick    2808182518    2010305920    2010292458    2808182518     416982581 
    248   2164        0     1       tick    2929587985    2011115500             -             0             - 
    249   2164        0     0       tick    2995378104    2010833621    2010832920    2995378104     436106618 
    250   2164        0     1       tick     675682257    1998664631             -             0             - 
    251   2164        0     0       tick    1146483507    1970518714    1970573094    1146483507      61474252 
    252   2164        0     1       tick    1416195044    1984137516             -             0             - 
    253   2164        0     0       tick    1408459081    2002290131    2002297716    1408459081      75524669 
    254   2164        0     1       tick    2669340329    2006989129             -             0             - 
    255   2164        0     0       tick    2750967733    2010143012    2010186936    2750967733     411224532 
    256   2164        0     1       tick    2996733444    2011130881             -             0             - 
    257   2164        0     0       tick    2726057290    1994119456    1994136636    2726057290     407631700 
    258   2164        0     1       tick    2946353780    2002546285             -             0             - 
    259   2164        0     0       tick    2971328135    2010718152    2010736620    2971328135     439905584 
    260   2164        0     1       tick    2737802869    2010118357             -             0             - 
    261   2164        0     0       tick    2468393246    2008646872    2008642656    2468393246     345793830 
    262   2164        0     1       tick     698556145    1998691360             -             0             - 
    263   2164        0     0       tick    1279098795    1970717768    1970634354    1279098795      72534184 
    264   2164        0     1       tick    1434449831    2002327855             -             0             - 
    265   2164        0     0       tick    1461045475    2000757324    2000731398    1461045475     105266213 
    266   2164        0     1       tick    2688688757    2009459957             -             0             - 
    267   2164        0     0       tick    2926439520    2010032286    2010059412    2926439520     437039942 
    268   2164        0     1       tick    2694296797    2002185108             -             0             - 
    269   2164        0     0       tick    2690785140    2009722896    2009712114    2690785140     403296459 
    270   2164        0     1       tick    2190686289    2007683343             -             0             - 
    271   2164        0     0       tick     718169662    1998555327    1998574344     718169662      20577083 
    272   2164        0     1       tick    1364172820    1970803097             -             0             - 
    273   2164        0     0       tick    1404601035    2002234832    2002195914    1404601035      75609115 
    274   2164        0     1       tick    1431264757    2002457415             -             0             - 
    275   2164        0     0       tick    2289436565    1995821799    1997772294    2289436565     329475842 
    276   2164        0     1       tick    2629252521    2009834722             -             0             - 
    277   2164        0     0       tick    2560320481    1993177409    1993169790    2560320481     381644665 
    278   2164        0     1       tick     683111666    1998106278             -             0             - 
    279   2164        0     0       tick    1139809309    1959337136    1962645624    1139809309      60102495 
    280   2164        0     1       tick    1430253738    2002162567             -             0             - 
    281   2164        0     0       tick    1403168000    2002260141    2002287564    1403168000      75184201 
    282   2164        0     1       tick    1510126783    1984120085             -             0             - 
    283   2164        0     0       tick    2022204025    2006537313    2006586144    2022204025     294819929 
    284   2164        0     1       tick     958714278    2003003085             -             0             - 
    285   2164        0     0       tick    1052371126    1965991979    1965971688    1052371126      57939591 
    286   2164        0     1       tick    1431309738    2001514185             -             0             - 
    287   2164        0     0       tick    1417944641    2002395815    2002308462    1417944641      79370462 
    288   2164        0     1       tick    1430728829    2002571749             -             0             - 
    289   2164        0     0       tick    1543544096    2002018758    2002104810    1543544096     177768164 
    290   2164        0     1       tick     869055126    2001081425             -             0             - 
    291   2164        0     0       tick     995447632    1965141418    1965179556     995447632      54439248 
    292   2164        0     1       tick    1408611747    1985698415             -             0             - 
    293   2164        0     0       tick    1430707147    2002230502    2002261560    1430707147      82603276 
    294   2164        0     1       tick    1401822094    2002427064             -             0             - 
    295   2164        0     0       tick    1413309915    2000724152    2000636436    1413309915     140447299 
    296   2164        0     1       tick     775420684    2001303881             -             0             - 
    297   2164        0     0       tick    1029021700    1966742111    1966646322    1029021700      56467882 
    298   2164        0     1       tick    1417033582    2002086869             -             0             - 
    299   2164        0     0       tick    1430357264    2002395365    2002350828    1430357264      82589486 
    300   2164        0     1       tick    1416299969    1999942790             -             0             - 
    301   2164        0     0       tick    1090629275    2002306857    2002379742    1090629275     109322932 
    302   2164        0     1       tick     707101415    1998589030             -             0             - 
    303   2164        0     0       tick    1315188158    1966111219    1966092000    1315188158      78050296 
    304   2164        0     1       tick    1418631674    2000202923             -             0             - 
    305   2164        0     0       tick    1424834785    2000120335    2000136822    1424834785      82376060 
    306   2164        0     1       tick    1377114143    2000185552             -             0             - 
    307   2164        0     0       tick     977690873    1994593967    2000647638     977690873      81075201 
    308   2164        0     1       tick     727170312    1973292565             -             0             - 
    309   2164        0     0       tick    1400183227    1994664727    1994637876    1400183227      76138680 
    310   2164        0     1       tick    1419695438    1984400134             -             0             - 
    311   2164        0     0       tick    1401853914    2002366358    2002350312    1401853914      75133512 
    312   2164        0     1       tick    1292683621    1999727559             -             0             - 
    313   2164        0     0       tick     686812150    2001159112    2001190266     686812150      22160133 
    314   2164        0     1       tick    1089027586    1967893496             -             0             - 
    315   2164        0     0       tick    1429804453    2002130581    2002210470    1429804453      82567853 
    316   2164        0     1       tick    1411707807    1986547100             -             0             - 
    317   2164        0     0       tick    1390717527    2000210529    2000233734    1390717527      87141275 
    318   2164        0     1       tick     992761536    2000884819             -             0             - 
    319   2164        0     0       tick     715173531    1981603430    1981590492     715173531      30968413 
    320   2164        0     1       tick    1399621462    1991307053             -             0             - 
    321   2164        0     0       tick    1429426513    2002083355    2002187424    1429426513      82552850 
    322   2164        0     1       tick    1402681589    2001743337             -             0             - 
    323   2164        0     0       tick    1291048815    1993633271    1999525080    1291048815     112466326 
    324   2164        0     1       tick     696376572    2000224203             -             0             - 
    325   2164        0     0       tick    1075277433    1967514402    1967508696    1075277433      59394887 
    326   2164        0     1       tick    1422997602    1984028241             -             0             - 
    327   2164        0     0       tick    1416053113    2002200106    2002148856    1416053113      79297187 
    328   2164        0     1       tick    1397770787    1999933443             -             0             - 
    329   2164        0     0       tick    1000171445    2001510032    2001431460    1000171445      86279706 
    330   2164        0     1       tick     714249062    1985277211             -             0             - 
    331   2164        0     0       tick    1383530132    1983626708    1983737508    1383530132      81153792 
    332   2164        0     1       tick    1425940521    2002235563             -             0             - 
    333   2164        0     0       tick    1403403726    1992811061    1994181696    1403403726      76006368 
    334   2164        0     1       tick    1289416490    1992189582             -             0             - 
    335   2164        0     0       tick     713790545    2000000180    1999970526     713790545      27617173 
    336   2164        0     1       tick    1056874929    1966289755             -             0             - 
    337   2164        0     0       tick    1430643402    2002006329    2002004808    1430643402      82600166 
    338   2164        0     1       tick    1415455410    2002426965             -             0             - 
    339   2164        0     0       tick    1404705184    1999748775    1999718376    1404705184      83942441 
    340   2164        0     1       tick    1008309850    2001605062             -             0             - 
    341   2164        0     0       tick     716361059    1998465963    1998478926     716361059      20446802 
    342   2164        0     1       tick    1364815887    1969258854             -             0             - 
    343   2164        0     0       tick    1409596081    2002363879    2002396542    1409596081      76588775 
    344   2164        0     1       tick    1426682421    2002191588             -             0             - 
    345   2164        0     0       tick    1295404435    1999918880    1999975056    1295404435     108912431 
    346   2164        0     1       tick     717719645    1985330932             -             0             - 
    347   2164        0     0       tick    1039519016    1966156973    1966075950    1039519016      57134096 
    348   2164        0     1       tick    1431024019    2001791219             -             0             - 
    349   2164        0     0       tick    1417759299    2002320244    2002388430    1417759299      79363166 
    350   2164        0     1       tick    1324707079    2000220261             -             0             - 
    351   2164        0     0       tick     814359986    2001180314    2001213348     814359986      47688068 
    352   2164        0     1       tick     924678930    1966846068             -             0             - 
    353   2164        0     0       tick    1428059885    2000727141    2002149090    1428059885      82500004 
    354   2164        0     1       tick    1402362378    2002656138             -             0             - 
    355   2164        0     0       tick    1369386831    1999938441    1999977732    1369386831      96391659 
    356   2164        0     1       tick     905366891    2001102753             -             0             - 
    357   2164        0     0       tick     805497795    1973349137    1973356440     805497795      36882024 
    358   2164        0     1       tick    1419723100    1995889143             -             0             - 
    359   2164        0     0       tick    1417843432    2002395558    2002319322    1417843432      79489990 
    360   2164        0     1       tick    1390524780    1994507717             -             0             - 
    361   2164        0     0       tick     989940677    1985463505    1985450592     989940677      83948282 
    362   2164        0     1       tick     713493152    1984133126             -             0             - 
    363   2164        0     0       tick    1387198777    1984836744    1984875384    1387198777      80252235 
    364   2164        0     1       tick    1414541464    1986372617             -             0             - 
    365   2164        0     0       tick    1342148372    1999112966    1999172562    1342148372      93694928 
    366   2164        0     1       tick     879727578    2000792473             -             0             - 
    367   2164        0     0       tick     843909604    1966936966    1966971990     843909604      42107288 
    368   2164        0     1       tick    1409309314    2002088360             -             0             - 
    369   2164        0     0       tick    1417432428    1986110332    1986111990    1417432428      82089553 
    370   2164        0     1       tick    1286595425    1975470886             -             0             - 
    371   2164        0     0       tick     769480830    2000878366    2000907684     769480830      38663172 
    372   2164        0     1       tick     990953626    1966810037             -             0             - 
    373   2164        0     0       tick    1418738559    2001990409    2001959226    1418738559      79401164 
    374   2164        0     1       tick    1429480185    2002367600             -             0             - 
    375   2164        0     0       tick    1254073442    1999721688    1999676742    1254073442     111338270 
    376   2164        0     1       tick     652002608    2001441084             -             0             - 
    377   2164        0     0       tick    1157268226    1967371836    1967401962    1157268226      69637348 
    378   2164        0     1       tick    1402119060    2002452651             -             0             - 
    379   2164        0     0       tick    1357543090    1983682465    1983741096    1357543090      95604724 
    380   2164        0     1       tick     903504545    1985356799             -             0             - 
    381   2164        0     0       tick     798748661    1973384358    1973400654     798748661      36377843 
    382   2164        0     1       tick    1418313779    1995928731             -             0             - 
    383   2164        0     0       tick    1414341190    2002286515    2002366656    1414341190      79231245 
    384   2164        0     1       tick    1389113764    1984003652             -             0             - 
    385   2164        0     0       tick     997935676    1985549450    1985531850     997935676      86717780 
    386   2164        0     1       tick     710630816    1982122757             -             0             - 
    387   2164        0     0       tick    1363987197    1970201960    1970244630    1363987197      84757307 
    388   2164        0     1       tick    1407938570    2002530472             -             0             - 
    389   2164        0     0       tick    1416610916    1985949939    1985933694    1416610916      81323181 
    390   2164        0     1       tick    1122312438    1999279493             -             0             - 
    391   2164        0     0       tick     686439461    1997911537    1997869482     686439461      20549897 
    392   2164        0     1       tick    1245661758    1954865843             -             0             - 
    393   2164        0     0       tick    1425494539    2002200626    2002123524    1425494539      81200105 
    394   2164        0     1       tick    1424383473    2002528226             -             0             - 
    395   2164        0     0       tick    1242972666    1999028797    1999046508    1242972666     114773141 
    396   2164        0     1       tick     676853313    1998125057             -             0             - 
    397   2164        0     0       tick    1144360886    1970550779    1970553780    1144360886      60701783 
    398   2164        0     1       tick    1428857997    2002581440             -             0             - 
    399   2164        0     0       tick    1392857236    1982723164    1986296196    1392857236      74785221 
    400   2164        0     1       tick    1286183422    1991739985             -             0             - 
    401   2164        0     0       tick     703983133    1984482221    1984507824     703983133      26546348 
    402   2164        0     1       tick    1056963227    1967465028             -             0             - 
    403   2164        0     0       tick    1430889841    2002063470    2002075602    1430889841      82609698 
    404   2164        0     1       tick    1413785081    2001798967             -             0             - 
    405   2164        0     0       tick    1322625825    1999664952    1999724346    1322625825     101762329 
    406   2164        0     1       tick     803640769    2000969021             -             0             - 
    407   2164        0     0       tick     933169605    1964927261    1964957418     933169605      48204473 
    408   2164        0     1       tick    1421082236    1985749154             -             0             - 
    409   2164        0     0       tick    1401455157    2001963441    2002004334    1401455157      75117706 
    410   2164        0     1       tick    1271381098    1969854441             -             0             - 
    411   2164        0     0       tick     696594569    2001131261    2001120780     696594569      24038953 
    412   2164        0     1       tick    1072122752    1962805940             -             0             - 
    413   2164        0     0       tick    1432939213    2001587833    2001600342    1432939213      82688947 
    414   2164        0     1       tick    1417199391    2002237266             -             0             - 
    415   2164        0     0       tick    1314608063    1992374348    1992354498    1314608063     103619410 
    416   2164        0     1       tick     785022899    1985155142             -             0             - 
    417   2164        0     0       tick     946108072    1967096199    1967018730     946108072      48995859 
    418   2164        0     1       tick    1424575142    1993209541             -             0             - 
    419   2164        0     0       tick    1386294024    1979337456    1985383794    1386294024      74531677 
    420   2164        0     1       tick    1353645946    1981589185             -             0             - 
    421   2164        0     0       tick     902106148    2000651802    2000732310     902106148      65271974 
    422   2164        0     1       tick     805986120    1970705933             -             0             - 
    423   2164        0     0       tick    1418176637    1995010129    1994961522    1418176637      79573125 
    424   2164        0     1       tick    1422584738    2002383693             -             0             - 
    425   2164        0     0       tick    1387984547    1999982893    2000032338    1387984547      86736504 
    426   2164        0     1       tick     992322989    2001480703             -             0             - 
    427   2164        0     0       tick     712648370    1979834769    1979836938     712648370      28408713 
    428   2164        0     1       tick    1391062730    1986431820             -             0             - 
    429   2164        0     0       tick    1415442752    1982618670    1984671804    1415442752      81588567 
    430   2164        0     1       tick    1407645074    2002493026             -             0             - 
    431   2164        0     0       tick    1095116571    1998965754    1998944046    1095116571     103432361 
    432   2164        0     1       tick     692122877    1998239498             -             0             - 
    433   2164        0     0       tick    1263873144    1954516672    1954449000    1263873144      71580707 
    434   2164        0     1       tick    1428249103    2002146247             -             0             - 
    435   2164        0     0       tick    1417302696    2001266398    2001279354    1417302696      79345766 
    436   2164        0     1       tick    1217113772    1983703508             -             0             - 
    437   2164        0     0       tick     679246545    1997880716    1997866200     679246545      21208332 
    438   2164        0     1       tick    1153295154    1969152942             -             0             - 
    439   2164        0     0       tick    1430422538    2001799613    2001759114    1430422538      82591625 
    440   2164        0     1       tick    1399832416    2002380123             -             0             - 
    441   2164        0     0       tick    1368616188    1999971990    2000040024    1368616188      96667970 
    442   2164        0     1       tick     903399045    2000220620             -             0             - 
    443   2164        0     0       tick     796721547    1960789354    1962813810     796721547      36532833 
    444   2164        0     1       tick    1414965932    1992725172             -             0             - 
    445   2164        0     0       tick    1417830267    2001673780    2001577854    1417830267      79366039 
    446   2164        0     1       tick    1417273946    1983524392             -             0             - 
    447   2164        0     0       tick    1249641635    1999875252    1999879746    1249641635     113979474 
    448   2164        0     1       tick     662052722    1999333666             -             0             - 
    449   2164        0     0       tick    1137830057    1952650830    1952615598    1137830057      64190582 
    450   2164        0     1       tick    1393082301    1986323648             -             0             - 
    451   2164        0     0       tick    1431831434    2002201346    2002170072    1431831434      82510998 
    452   2164        0     1       tick    1408272386    1978781991             -             0             - 
    453   2164        0     0       tick    1179832006    1983571031    1983608484    1179832006     110157923 
    454   2164        0     1       tick     680238029    1998280687             -             0             - 
    455   2164        0     0       tick    1186018566    1970441223    1970382036    1186018566      63049320 
    456   2164        0     1       tick    1430468710    2002273503             -             0             - 
    457   2164        0     0       tick    1429558034    2002220927    2002328088    1429558034      82558324 
    458   2164        0     1       tick    1405813781    2002350050             -             0             - 
    459   2164        0     0       tick    1087651456    1983368707    1983341352    1087651456     103159432 
    460   2164        0     1       tick     691753559    1998476989             -             0             - 
    461   2164        0     0       tick    1271474944    1970467994    1970490570    1271474944      71799928 
    462   2164        0     1       tick    1431193874    2002350722             -             0             - 
    463   2164        0     0       tick    1417634436    2002209222    2002171740    1417634436      79358340 
    464   2164        0     1       tick    1219904939    1999707505             -             0             - 
    465   2164        0     0       tick     680049801    1997956515    1997991126     680049801      21088434 
    466   2164        0     1       tick    1153952368    1954658960             -             0             - 
    467   2164        0     0       tick    1430259986    2001726952    2001795720    1430259986      82585210 
    468   2164        0     1       tick    1402219995    2002550888             -             0             - 
    469   2164        0     0       tick    1290795703    1999834035    1999889952    1290795703     114132077 
    470   2164        0     1       tick     686595294    2000517655             -             0             - 
    471   2164        0     0       tick    1085535077    1966814220    1966805862    1085535077      60025470 
    472   2164        0     1       tick    1433385151    2001896743             -             0             - 
    473   2164        0     0       tick    1428120034    2000467503    2000496180    1428120034      82383352 
    474   2164        0     1       tick    1305628078    1999199214             -             0             - 
    475   2164        0     0       tick     777382363    2000583563    2000602020     777382363      40468969 
    476   2164        0     1       tick     974561699    1967202653             -             0             - 
    477   2164        0     0       tick    1421456887    2001822549    2001806082    1421456887      80090892 
    478   2164        0     1       tick    1431024277    2002494752             -             0             - 
    479   2164        0     0       tick    1246597343    1983289857    1983240012    1246597343     109268169 
    480   2164        0     1       tick     662708328    2001490458             -             0             - 
    481   2164        0     0       tick    1121038246    1941765964    1941783738    1121038246      67241389 
    482   2164        0     1       tick    1410155317    2002513960             -             0             - 
    483   2164        0     0       tick    1418930932    1984110854    1986096588    1418930932      82147240 
    484   2164        0     1       tick    1303693512    2000461627             -             0             - 
    485   2164        0     0       tick     761754166    1992692107    1992753408     761754166      37655340 
    486   2164        0     1       tick     994574568    1967407610             -             0             - 
    487   2164        0     0       tick    1408251453    1986269335    1986191076    1408251453      78995625 
    488   2164        0     1       tick    1428911854    2001764175             -             0             - 
    489   2164        0     0       tick    1402633324    2002322729    2002367484    1402633324      75163526 
    490   2164        0     1       tick    1293534632    2000142435             -             0             - 
    491   2164        0     0       tick     689334551    1984997800    1984965798     689334551      23557649 
    492   2164        0     1       tick    1071746703    1967714333             -             0             - 
    493   2164        0     0       tick    1434905175    2002166783    2002149816    1434905175      82764970 
    494   2164        0     1       tick    1416752289    2002269603             -             0             - 
    495   2164        0     0       tick    1389171918    1983745369    1983764700    1389171918      85547049 
    496   2164        0     1       tick    1004749427    2002030605             -             0             - 
    497   2164        0     0       tick     715373399    1989900610    1989853752     715373399      23900753 
    498   2164        0     1       tick    1377773138    1979349902             -             0             - 
    499   2164        0     0       tick    1420856406    2002043725    2002057764    1420856406      79808785 
    500   2164        0     1       tick    1415718825    2002434864             -             0             - 
    501   2164        0     0       tick    1366014503    1999969572    1999943562    1366014503      92996912 
    502   2164        0     1       tick     926655190    1992130043             -             0             - 
    503   2164        0     0       tick     776545841    1972863084    1972855254     776545841      35041159 
    504   2164        0     1       tick    1417298372    1996037379             -             0             - 
    505   2164        0     0       tick    1417910680    2002326528    2002379490    1417910680      79369020 
    506   2164        0     1       tick    1431426295    2002433613             -             0             - 
    507   2164        0     0       tick    1245557731    1983185205    1983162966    1245557731     111766672 
    508   2164        0     1       tick     652410001    2001141242             -             0             - 
    509   2164        0     0       tick    1156472811    1966795774    1966825140    1156472811      69307468 
    510   2164        0     1       tick    1401818238    2002468362             -             0             - 
    511   2164        0     0       tick    1433385833    2002185167    2002179114    1433385833      82706475 
    512   2164        0     1       tick    1372098888    2000277542             -             0             - 
    513   2164        0     0       tick     951458209    2001416220    2001392364     951458209      75049519 
    514   2164        0     1       tick     758137527    1973306078             -             0             - 
    515   2164        0     0       tick    1408550909    1995822951    1995935412    1408550909      77915399 
    516   2164        0     1       tick    1424457761    2002365248             -             0             - 
    517   2164        0     0       tick    1414984129    1999320534    1999354992    1414984129      80775942 
    518   2164        0     1       tick    1026399281    2001774128             -             0             - 
    519   2164        0     0       tick     710156061    1998280435    1998240540     710156061      20560351 
    520   2164        0     1       tick    1346184807    1970279625             -             0             - 
    521   2164        0     0       tick    1401891834    2002108990    2002068636    1401891834      75134852 
    522   2164        0     1       tick    1434304195    2002313762             -             0             - 
    523   2164        0     0       tick    1141103119    1999257003    1999276332    1141103119     106409931 
    524   2164        0     1       tick     681284046    1998362070             -             0             - 
    525   2164        0     0       tick    1244997174    1970519769    1970518272    1244997174      69471876 
    526   2164        0     1       tick    1416713049    2002388935             -             0             - 
    527   2164        0     0       tick    1428204982    2001981880    2001971310    1428204982      82505872 
    528   2164        0     1       tick    1256363330    1999659167             -             0             - 
    529   2164        0     0       tick     661932715    1994789515    1998770490     661932715      17458003 
    530   2164        0     1       tick    1133960365    1951846373             -             0             - 
    531   2164        0     0       tick    1412566757    2002085653    2002092660    1412566757      77473663 
    532   2164        0     1       tick    1423337313    2002207390             -             0             - 
    533   2164        0     0       tick    1298894364    1999546593    1999531122    1298894364     110099746 
    534   2164        0     1       tick     720664442    2001029895             -             0             - 
    535   2164        0     0       tick    1049912270    1966908243    1966917138    1049912270      57708826 
    536   2164        0     1       tick    1430726397    2002336258             -             0             - 
    537   2164        0     0       tick    1417923642    2002191385    2002155138    1417923642      79369522 
    538   2164        0     1       tick    1326944265    1999787678             -             0             - 
    539   2164        0     0       tick     806163340    1984940218    1985005218     806163340      46843124 
    540   2164        0     1       tick     928883967    1967207716             -             0             - 
    541   2164        0     0       tick    1428469907    2002147815    2002161936    1428469907      82516117 
    542   2164        0     1       tick    1384535911    1978231643             -             0             - 
    543   2164        0     0       tick    1365499043    1991351754    1991404542    1365499043      95335290 
    544   2164        0     1       tick     917523340    2001067655             -             0             - 
    545   2164        0     0       tick     794714458    1963909580    1963861194     794714458      36250186 
    546   2164        0     1       tick    1418148166    1995863325             -             0             - 
    547   2164        0     0       tick    1411241986    1994194143    1994172474    1411241986      79111399 
    548   2164        0     1       tick    1398527493    1999904378             -             0             - 
    549   2164        0     0       tick    1007481378    2001317716    2001333048    1007481378      87271792 
    550   2164        0     1       tick     714160338    1986022412             -             0             - 
    551   2164        0     0       tick    1379309982    1982277357    1982393430    1379309982      81935599 
    552   2164        0     1       tick    1393513996    1977881461             -             0             - 
    553   2164        0     0       tick    1425152471    2001736573    2001745734    1425152471      80763884 
    554   2164        0     1       tick    1113596933    1998123868             -             0             - 
    555   2164        0     0       tick     690813780    1998112506    1998079080     690813780      20656334 
    556   2164        0     1       tick    1255655548    1954344149             -             0             - 
    557   2164        0     0       tick    1430000415    2002304193    2002293666    1430000415      82575689 
    558   2164        0     1       tick    1419150180    2002459525             -             0             - 
    559   2164        0     0       tick    1326316856    1999768141    1999731054    1326316856     101074846 
    560   2164        0     1       tick     812637160    1992857508             -             0             - 
    561   2164        0     0       tick     919313240    1958732696    1958706228     919313240      47431372 
    562   2164        0     1       tick    1417402717    1984888047             -             0             - 
    563   2164        0     0       tick    1398246986    1994243787    1994183970    1398246986      74994031 
    564   2164        0     1       tick    1358485348    1980088497             -             0             - 
    565   2164        0     0       tick     925914613    2001017506    2000982990     925914613      70070376 
    566   2164        0     1       tick     788590604    1973226292             -             0             - 
    567   2164        0     0       tick    1417158255    1995467182    1995521742    1417158255      79533692 
    568   2164        0     1       tick    1417175884    2002050254             -             0             - 
    569   2164        0     0       tick    1393640530    1983660047    1983625560    1393640530      83766258 
    570   2164        0     1       tick    1012923828    2001543225             -             0             - 
    571   2164        0     0       tick     716389003    1998270269    1998291906     716389003      20524174 
    572   2164        0     1       tick    1363068984    1970736070             -             0             - 
    573   2164        0     0       tick    1405526057    2001588402    2001590160    1405526057      75679085 
    574   2164        0     1       tick    1361343058    1992159097             -             0             - 
    575   2164        0     0       tick     897592436    2001183029    2001119790     897592436      64516375 
    576   2164        0     1       tick     816912402    1973050240             -             0             - 
    577   2164        0     0       tick    1417460227    1995907185    1995952098    1417460227      79545498 
    578   2164        0     1       tick    1428332912    2002301505             -             0             - 
    579   2164        0     0       tick    1378998896    1999950407    1999943082    1378998896      85661684 
    580   2164        0     1       tick     990504666    2000521448             -             0             - 
    581   2164        0     0       tick     712271380    1973730127    1973742726     712271380      30562859 
    582   2164        0     1       tick    1397213205    1992694472             -             0             - 
    583   2164        0     0       tick    1428936245    2002076246    2002136022    1428936245      82534022 
    584   2164        0     1       tick    1389308568    1977715063             -             0             - 
    585   2164        0     0       tick    1089581839    1983407319    1983421494    1089581839     103679904 
    586   2164        0     1       tick     692074638    1998561063             -             0             - 
    587   2164        0     0       tick    1260484020    1952718948    1954072260    1260484020      71392428 
    588   2164        0     1       tick    1431194519    2002387527             -             0             - 
    589   2164        0     0       tick    1417261187    2002253119    2002181718    1417261187      79344164 
    590   2164        0     1       tick    1220298453    1981861761             -             0             - 
    591   2164        0     0       tick     680425669    1997381171    1997381142     680425669      21247145 
    592   2164        0     1       tick    1152440653    1970237834             -             0             - 
    593   2164        0     0       tick    1418775535    1987339124    1993397034    1418775535      82141099 
    594   2164        0     1       tick    1398105558    1994491537             -             0             - 
    595   2164        0     0       tick    1294006222    1999044189    1998998688    1294006222     112810429 
    596   2164        0     1       tick     699852763    2000931656             -             0             - 
    597   2164        0     0       tick    1061181626    1950820432    1950892218    1061181626      58753831 
    598   2164        0     1       tick    1434233625    2002084369             -             0             - 
    599   2164        0     0       tick    1415559891    2002023092    2002055376    1415559891      79278372 
    600   2164        0     1       tick    1320983441    2000186938             -             0             - 
    601   2164        0     0       tick     794620458    2000099873    2000071554     794620458      43964354 
    602   2164        0     1       tick     945687611    1964689962             -             0             - 
    603   2164        0     0       tick    1418685509    1985169155    1985164506    1418685509      82137750 
    604   2164        0     1       tick    1410207265    2002475313             -             0             - 
    605   2164        0     0       exit    1060346558    1482531128    1482531702    1060346558      61800115 
