[Event-to-counter mappings]
pmc0=instr_retired_fixed(0),instr(1)
pmc1=unhalted_core_cycles_fixed(0),cycles(1)
pmc2=unhalted_ref_cycles_fixed(0)
pmc3=llc_misses(0),l2_misses(1)
pmc4=branch_instr_retired(0)
[Event counts]
nsample    pid coretype expid      event          pmc0          pmc1          pmc2          pmc3          pmc4
      1   2217        0     0       tick     787601608    1452430573    1458860340     787601608      92494126 
      2   2217        0     1       tick     729397063    1953938570             -             0             - 
      3   2217        0     0       tick    1205949435    1940120879    1940164938    1205949435      66432922 
      4   2217        0     1       tick    1154626411    1998897409             -             0             - 
      5   2217        0     0       tick     782188545    1964988600    1964979420     782188545      30180735 
      6   2217        0     1       tick    1363391533    1982319905             -             0             - 
      7   2217        0     0       tick    2883694706    1994572071    1994601810    2883694706     413349872 
      8   2217        0     1       tick    2934461099    1995072880             -             0             - 
      9   2217        0     0       tick    2857590103    2002156527    2002186422    2857590103     408120676 
     10   2217        0     1       tick    2940183471    2011281187             -             0             - 
     11   2217        0     0       tick    2856424039    2009695903    2009745480    2856424039     408152964 
     12   2217        0     1       tick    2968038700    2011168825             -             0             - 
     13   2217        0     0       tick    1559147511    1988931541    1988910348    1559147511     172977538 
     14   2217        0     1       tick    1003307003    1967515466             -             0             - 
     15   2217        0     0       tick    1904509343    2003312757    2003261166    1904509343     202190082 
     16   2217        0     1       tick    2969198149    2010729557             -             0             - 
     17   2217        0     0       tick    2973944888    2010448554    2010463788    2973944888     430617694 
     18   2217        0     1       tick    2887225773    2009979117             -             0             - 
     19   2217        0     0       tick    2963747460    2010586521    2010610482    2963747460     429567247 
     20   2217        0     1       tick    2886423044    2000949561             -             0             - 
     21   2217        0     0       tick    2974862062    2011267198    2011290426    2974862062     430793778 
     22   2217        0     1       tick    2776539500    2010567325             -             0             - 
     23   2217        0     0       tick     728287142    1980789590    1982121798     728287142      21282933 
     24   2217        0     1       tick    1279368957    1971444154             -             0             - 
     25   2217        0     0       tick    2599312476    2007636135    2007578748    2599312476     362876143 
     26   2217        0     1       tick    2953668195    2011395256             -             0             - 
     27   2217        0     0       tick    2850163274    1994348731    1994365002    2850163274     411375293 
     28   2217        0     1       tick    2937594077    2010608507             -             0             - 
     29   2217        0     0       tick    2854547434    1992399654    1994435490    2854547434     411643034 
     30   2217        0     1       tick    2947336433    2011123895             -             0             - 
     31   2217        0     0       tick    1627091896    2004870247    2004885216    1627091896     186817816 
     32   2217        0     1       tick     944017507    1951386599             -             0             - 
     33   2217        0     0       tick    1424006834    2000400596    2000355234    1424006834      81563680 
     34   2217        0     1       tick    2813853343    2010829410             -             0             - 
     35   2217        0     0       tick    2976868025    2010995509    2011017882    2976868025     433204503 
     36   2217        0     1       tick    2945996329    2010789299             -             0             - 
     37   2217        0     0       tick    2933792210    1994640161    1994649774    2933792210     426416307 
     38   2217        0     1       tick    2941529060    1994345662             -             0             - 
     39   2217        0     0       tick    2921805540    2010801488    2010838992    2921805540     421592282 
     40   2217        0     1       tick    2952939522    2011411508             -             0             - 
     41   2217        0     0       tick    2961179002    2011034540    2011044078    2961179002     430310204 
     42   2217        0     1       tick    1170497575    1991776614             -             0             - 
     43   2217        0     0       tick    1069208627    1966162292    1966167132    1069208627      57842160 
     44   2217        0     1       tick    1498703666    1977256519             -             0             - 
     45   2217        0     0       tick    2971814261    2003143969    2003158440    2971814261     429963598 
     46   2217        0     1       tick    2964953070    1995334292             -             0             - 
     47   2217        0     0       tick    2992124126    2011093256    2011049382    2992124126     432779497 
     48   2217        0     1       tick    2927327568    2010793771             -             0             - 
     49   2217        0     0       tick    2999811756    2011257220    2011275030    2999811756     434107417 
     50   2217        0     1       tick    3002140764    2011321806             -             0             - 
     51   2217        0     0       tick    2996394984    2011198677    2011202658    2996394984     433295636 
     52   2217        0     1       tick    2944375578    2011146252             -             0             - 
     53   2217        0     0       tick    3004462680    2011179403    2011160694    3004462680     434354255 
     54   2217        0     1       tick    2969297125    1993247957             -             0             - 
     55   2217        0     0       tick    2992589327    2011232202    2011222926    2992589327     432729231 
     56   2217        0     1       tick    1517441015    1996160246             -             0             - 
     57   2217        0     0       tick     930166531    1967012680    1966965750     930166531      47124067 
     58   2217        0     1       tick    1439609509    2002584387             -             0             - 
     59   2217        0     0       tick    2214984883    1989245214    1989142314    2214984883     275351440 
     60   2217        0     1       tick    2981008740    2011212162             -             0             - 
     61   2217        0     0       tick    2988922215    2011321688    2011342194    2988922215     432671447 
     62   2217        0     1       tick    2944358933    1989261252             -             0             - 
     63   2217        0     0       tick    2935193093    2011093691    2011105074    2935193093     423010231 
     64   2217        0     1       tick    2973661453    2011488111             -             0             - 
     65   2217        0     0       tick    2980791029    2011144927    2011147326    2980791029     431729565 
     66   2217        0     1       tick    2995194300    2011465935             -             0             - 
     67   2217        0     0       tick    2968777718    2011319338    2011310256    2968777718     430573825 
     68   2217        0     1       tick    2949836931    2011053567             -             0             - 
     69   2217        0     0       tick    2986984820    2011207108    2011249662    2986984820     432585267 
     70   2217        0     1       tick    2995756177    2011423350             -             0             - 
     71   2217        0     0       tick    2958425730    1995086146    1995083766    2958425730     428982538 
     72   2217        0     1       tick    1833947926    2006908621             -             0             - 
     73   2217        0     0       tick     812835836    1974543146    1974523962     812835836      36716704 
     74   2217        0     1       tick    1420617474    1994644080             -             0             - 
     75   2217        0     0       tick    2058694814    2004287526    2004250362    2058694814     234893375 
     76   2217        0     1       tick    2977944591    2011004587             -             0             - 
     77   2217        0     0       tick    2949841842    1994708489    1994698506    2949841842     427649475 
     78   2217        0     1       tick    2999340583    2011405003             -             0             - 
     79   2217        0     0       tick    2976460703    1994856392    1994851230    2976460703     430734899 
     80   2217        0     1       tick    2979223528    2010497824             -             0             - 
     81   2217        0     0       tick    3002025373    2011080889    2011092228    3002025373     430374850 
     82   2217        0     1       tick    2967661114    2011226138             -             0             - 
     83   2217        0     0       tick    2994443957    2011062590    2011058220    2994443957     434075588 
     84   2217        0     1       tick    3018690722    2011141595             -             0             - 
     85   2217        0     0       tick    3006888445    2011090761    2011080030    3006888445     435158101 
     86   2217        0     1       tick    2976861955    2011152311             -             0             - 
     87   2217        0     0       tick    2988332133    2010975018    2011016262    2988332133     429149775 
     88   2217        0     1       tick    2984328265    2011251438             -             0             - 
     89   2217        0     0       tick    2994280267    2011243937    2011241850    2994280267     433841409 
     90   2217        0     1       tick    3008821421    2011439639             -             0             - 
     91   2217        0     0       tick    3001809983    2011122662    2011128546    3001809983     434043083 
     92   2217        0     1       tick    2987330937    2010766811             -             0             - 
     93   2217        0     0       tick    2979013920    2010979313    2010977700    2979013920     428808693 
     94   2217        0     1       tick     742090519    1982713518             -             0             - 
     95   2217        0     0       tick    1169464812    1968091013    1968082794    1169464812      69573028 
     96   2217        0     1       tick    1416506208    2002764019             -             0             - 
     97   2217        0     0       tick    2785203661    2008038186    2007971826    2785203661     400346478 
     98   2217        0     1       tick    3003239992    2010678220             -             0             - 
     99   2217        0     0       tick    3001622686    2011101681    2011094502    3001622686     434750610 
    100   2217        0     1       tick    2984382495    2011076833             -             0             - 
    101   2217        0     0       tick    3009016785    2011100806    2011096692    3009016785     435864487 
    102   2217        0     1       tick    3006107936    2011388952             -             0             - 
    103   2217        0     0       tick    2984667338    2011014602    2011027128    2984667338     431051519 
    104   2217        0     1       tick    2991831250    2011385850             -             0             - 
    105   2217        0     0       tick    3001068006    2011101317    2011104912    3001068006     433789119 
    106   2217        0     1       tick    2995416100    2010724999             -             0             - 
    107   2217        0     0       tick    2976261665    2010954121    2010968916    2976261665     432231286 
    108   2217        0     1       tick    2988381588    2010562461             -             0             - 
    109   2217        0     0       tick    2985952742    2010318276    2010285996    2985952742     431476576 
    110   2217        0     1       tick    3000545260    2011189986             -             0             - 
    111   2217        0     0       tick    3015275940    2011178806    2011171776    3015275940     434043782 
    112   2217        0     1       tick    3011670978    2011248474             -             0             - 
    113   2217        0     0       tick    2980110410    2010930860    2010939648    2980110410     431507190 
    114   2217        0     1       tick    2969600652    2011229644             -             0             - 
    115   2217        0     0       tick    2978457865    2010922675    2010923454    2978457865     431458981 
    116   2217        0     1       tick    2976868466    2011308364             -             0             - 
    117   2217        0     0       tick    2975646737    2011095809    2011114368    2975646737     430144677 
    118   2217        0     1       tick    1700903762    2005797779             -             0             - 
    119   2217        0     0       tick     857785543    1967475468    1967464746     857785543      43368957 
    120   2217        0     1       tick    1411400521    2002903944             -             0             - 
    121   2217        0     0       tick    1608555689    2001632607    2001667224    1608555689     134849173 
    122   2217        0     1       tick    3017548666    2011228083             -             0             - 
    123   2217        0     0       tick    3011333355    2011003186    2010996594    3011333355     435700797 
    124   2217        0     1       tick    2981457052    2011146680             -             0             - 
    125   2217        0     0       tick    2969572232    2011064742    2011063752    2969572232     435685040 
    126   2217        0     1       tick    2998323530    2011235738             -             0             - 
    127   2217        0     0       tick    3005372119    2010978777    2010991236    3005372119     435096234 
    128   2217        0     1       tick    3002277154    2011158910             -             0             - 
    129   2217        0     0       tick    3001501614    2011029122    2011027794    3001501614     434721445 
    130   2217        0     1       tick    3003624477    2011163980             -             0             - 
    131   2217        0     0       tick    2977923845    2011015118    2011019280    2977923845     434637673 
    132   2217        0     1       tick    2960392707    2011358042             -             0             - 
    133   2217        0     0       tick    2997832590    2011007338    2010996378    2997832590     435209506 
    134   2217        0     1       tick    2995578289    2010912442             -             0             - 
    135   2217        0     0       tick    3000925995    2010353079    2010352824    3000925995     433500230 
    136   2217        0     1       tick    3002692002    2010158407             -             0             - 
    137   2217        0     0       tick    3004061121    2010751299    2010753648    3004061121     434614528 
    138   2217        0     1       tick    2982361906    2011315257             -             0             - 
    139   2217        0     0       tick    2960681873    2010996815    2010995100    2960681873     434256237 
    140   2217        0     1       tick    2996207217    2011286308             -             0             - 
    141   2217        0     0       tick    3011675410    2011191946    2011211628    3011675410     436094755 
    142   2217        0     1       tick    2865206459    2010629868             -             0             - 
    143   2217        0     0       tick     686539489    1998309800    1998243552     686539489      21126288 
    144   2217        0     1       tick    1173511035    1954393392             -             0             - 
    145   2217        0     0       tick    1438677145    2001909622    2001934338    1438677145      82910833 
    146   2217        0     1       tick    2381112258    2005992314             -             0             - 
    147   2217        0     0       tick    3007983621    2011026766    2011032126    3007983621     436100894 
    148   2217        0     1       tick    3002047543    2011238888             -             0             - 
    149   2217        0     0       tick    2956005186    2011137422    2011149480    2956005186     433552906 
    150   2217        0     1       tick    2985399423    2011344930             -             0             - 
    151   2217        0     0       tick    3022595848    2011097031    2011138770    3022595848     438429461 
    152   2217        0     1       tick    3021441985    2011367962             -             0             - 
    153   2217        0     0       tick    3014457334    2010840714    2010841338    3014457334     437041543 
    154   2217        0     1       tick    3005750786    2010569189             -             0             - 
    155   2217        0     0       tick    3006225468    2010383107    2010382080    3006225468     437161402 
    156   2217        0     1       tick    2949608416    2010419256             -             0             - 
    157   2217        0     0       tick    2943693138    1994810334    1994807622    2943693138     431296734 
    158   2217        0     1       tick    2967586998    1988760895             -             0             - 
    159   2217        0     0       tick    2996298148    2010897105    2010902286    2996298148     434793204 
    160   2217        0     1       tick    2975259631    1993948724             -             0             - 
    161   2217        0     0       tick    2980049604    1994944428    1994944608    2980049604     432279487 
    162   2217        0     1       tick    3004212508    2011231359             -             0             - 
    163   2217        0     0       tick    2946500690    1994756156    1994761914    2946500690     431941546 
    164   2217        0     1       tick    2968777667    2011232191             -             0             - 
    165   2217        0     0       tick    3008520057    2011127180    2011112574    3008520057     437026277 
    166   2217        0     1       tick    2990248623    2011031390             -             0             - 
    167   2217        0     0       tick    2545498849    2008932178    2008936278    2545498849     353317870 
    168   2217        0     1       tick     689661951    1981756697             -             0             - 
    169   2217        0     0       tick    1254546265    1955200013    1955183676    1254546265      70892825 
    170   2217        0     1       tick    1443340465    2002671282             -             0             - 
    171   2217        0     0       tick    1997185054    2003798172    2003724552    1997185054     223542054 
    172   2217        0     1       tick    2988681544    2010133348             -             0             - 
    173   2217        0     0       tick    2971335193    1994686210    1994685582    2971335193     433118823 
    174   2217        0     1       tick    2898037907    1993766248             -             0             - 
    175   2217        0     0       tick    2951432511    2009663087    2009671278    2951432511     433613369 
    176   2217        0     1       tick    3000504006    2004632562             -             0             - 
    177   2217        0     0       tick    2979373438    1992424985    1994429142    2979373438     432272399 
    178   2217        0     1       tick    3000682573    2010317897             -             0             - 
    179   2217        0     0       tick    3008919200    2010738603    2010767556    3008919200     436413788 
    180   2217        0     1       tick    2967693703    2011151654             -             0             - 
    181   2217        0     0       tick    2908506874    2010744123    2010759288    2908506874     428177455 
    182   2217        0     1       tick    2978291580    2011241553             -             0             - 
    183   2217        0     0       tick    2977758512    1994715608    1994706084    2977758512     431427569 
    184   2217        0     1       tick    2996308760    2010304733             -             0             - 
    185   2217        0     0       tick    3007318784    2010492984    2010502068    3007318784     435863533 
    186   2217        0     1       tick    3003413568    2010685286             -             0             - 
    187   2217        0     0       tick    2932068442    2010074342    2010097044    2932068442     431201526 
    188   2217        0     1       tick    2908893491    1992436578             -             0             - 
    189   2217        0     0       tick    2997261318    2010776607    2010829836    2997261318     436378521 
    190   2217        0     1       tick    3005741873    2011046741             -             0             - 
    191   2217        0     0       tick    1900918625    2006467473    2006476404    1900918625     238256911 
    192   2217        0     1       tick     765256140    1957884771             -             0             - 
    193   2217        0     0       tick    1424126313    1995671008    1995635892    1424126313      79803314 
    194   2217        0     1       tick    1428303198    2002790184             -             0             - 
    195   2217        0     0       tick    2443768579    1998098485    1998074976    2443768579     323275310 
    196   2217        0     1       tick    3019688489    2010978809             -             0             - 
    197   2217        0     0       tick    2966192162    2011039178    2011054350    2966192162     436337006 
    198   2217        0     1       tick    2914327961    2010978689             -             0             - 
    199   2217        0     0       tick    2969958296    2010696045    2010686766    2969958296     435905004 
    200   2217        0     1       tick    3014312460    2011212768             -             0             - 
    201   2217        0     0       tick    3001958400    2010818099    2010825198    3001958400     434356756 
    202   2217        0     1       tick    3023641218    2010884454             -             0             - 
    203   2217        0     0       tick    2978339766    2010889474    2010887028    2978339766     437068279 
    204   2217        0     1       tick    2914185559    2010919045             -             0             - 
    205   2217        0     0       tick    2961141932    2010475954    2010484830    2961141932     435459649 
    206   2217        0     1       tick    2983129011    1992988647             -             0             - 
    207   2217        0     0       tick    3017326132    2010921045    2010937026    3017326132     436606895 
    208   2217        0     1       tick    3007778593    2010596047             -             0             - 
    209   2217        0     0       tick    3005775093    2010689660    2010693546    3005775093     437479683 
    210   2217        0     1       tick    2929487970    2010919474             -             0             - 
    211   2217        0     0       tick    2925559912    2010667742    2010630978    2925559912     430221188 
    212   2217        0     1       tick    3008321151    2011118788             -             0             - 
    213   2217        0     0       tick    3029688183    2010978285    2010982734    3029688183     438325502 
    214   2217        0     1       tick    2017733491    2006974803             -             0             - 
    215   2217        0     0       tick     743495387    1974005473    1973959008     743495387      33056166 
    216   2217        0     1       tick    1410283856    1996262449             -             0             - 
    217   2217        0     0       tick    1428155929    1986418259    1986389100    1428155929      82504232 
    218   2217        0     1       tick    2378030790    2006099280             -             0             - 
    219   2217        0     0       tick    2994173823    2010948270    2010945804    2994173823     438375912 
    220   2217        0     1       tick    2909128855    2009705164             -             0             - 
    221   2217        0     0       tick    2908318012    2010701757    2010726090    2908318012     428316085 
    222   2217        0     1       tick    3001100666    2011184607             -             0             - 
    223   2217        0     0       tick    2994368433    1992619796    1994625534    2994368433     433420574 
    224   2217        0     1       tick    3009831502    2011130588             -             0             - 
    225   2217        0     0       tick    2932964820    2010746213    2010745890    2932964820     432388163 
    226   2217        0     1       tick    2855712451    1994697540             -             0             - 
    227   2217        0     0       tick    2963273725    2010905619    2010904956    2963273725     435055626 
    228   2217        0     1       tick    3007262676    2011139498             -             0             - 
    229   2217        0     0       tick    2999990235    2010666799    2010674844    2999990235     434830990 
    230   2217        0     1       tick    2970698853    2010988751             -             0             - 
    231   2217        0     0       tick    2879017490    2010226510    2010221436    2879017490     422265506 
    232   2217        0     1       tick    2938467954    2010894929             -             0             - 
    233   2217        0     0       tick    3012615683    2010962760    2010955908    3012615683     437896038 
    234   2217        0     1       tick    2291432996    2008288580             -             0             - 
    235   2217        0     0       tick     711052131    1998646652    1998616860     711052131      20618395 
    236   2217        0     1       tick    1356908739    1970982529             -             0             - 
    237   2217        0     0       tick    1409880150    2002438127    2002519512    1409880150      75444021 
    238   2217        0     1       tick    2217449532    2004872897             -             0             - 
    239   2217        0     0       tick    2939482368    2010789160    2010801744    2939482368     434482215 
    240   2217        0     1       tick    2808097244    2010783349             -             0             - 
    241   2217        0     0       tick    3001973553    2010645378    2010624354    3001973553     440310404 
    242   2217        0     1       tick    3005820937    2011073862             -             0             - 
    243   2217        0     0       tick    2844691566    2010004132    2010025062    2844691566     422029455 
    244   2217        0     1       tick    2896406074    2009972256             -             0             - 
    245   2217        0     0       tick    2986796114    2010373311    2010367650    2986796114     435945753 
    246   2217        0     1       tick    2970036779    2010917881             -             0             - 
    247   2217        0     0       tick    2795575188    2010054238    2010083454    2795575188     414905333 
    248   2217        0     1       tick    2908456254    1990886006             -             0             - 
    249   2217        0     0       tick    2950043667    2010742016    2010740532    2950043667     427299685 
    250   2217        0     1       tick     681188440    1997748579             -             0             - 
    251   2217        0     0       tick    1150066703    1970234681    1970238144    1150066703      60538131 
    252   2217        0     1       tick    1439605619    2002417391             -             0             - 
    253   2217        0     0       tick    1408030096    2002352829    2002396284    1408030096      75372093 
    254   2217        0     1       tick    2728115428    2000155940             -             0             - 
    255   2217        0     0       tick    2724239833    1994387216    1994377116    2724239833     407237150 
    256   2217        0     1       tick    2988352541    2011002415             -             0             - 
    257   2217        0     0       tick    2713813593    1993981901    1994000472    2713813593     406012850 
    258   2217        0     1       tick    2953522669    2010285685             -             0             - 
    259   2217        0     0       tick    2959353784    2010484769    2010498840    2959353784     438271251 
    260   2217        0     1       tick    2741875292    2010365865             -             0             - 
    261   2217        0     0       tick    2426317371    2008280499    2008271682    2426317371     337668780 
    262   2217        0     1       tick     694832387    1988839444             -             0             - 
    263   2217        0     0       tick    1286575674    1970813390    1970837892    1286575674      73136197 
    264   2217        0     1       tick    1444169449    2002452221             -             0             - 
    265   2217        0     0       tick    1498942972    1990242954    1992903672    1498942972     113837171 
    266   2217        0     1       tick    2681842698    2010249956             -             0             - 
    267   2217        0     0       tick    2927158678    2011009350    2010983994    2927158678     437150612 
    268   2217        0     1       tick    2694967402    2009023689             -             0             - 
    269   2217        0     0       tick    2691904970    2008985397    2009013780    2691904970     403195792 
    270   2217        0     1       tick    2142097556    2007781220             -             0             - 
    271   2217        0     0       tick     713881475    1992434398    1992464136     713881475      23028812 
    272   2217        0     1       tick    1381018834    1975333099             -             0             - 
    273   2217        0     0       tick    1434294141    2002364594    2002370958    1434294141      81992050 
    274   2217        0     1       tick    1413649075    2002503018             -             0             - 
    275   2217        0     0       tick    2331866183    1984178490    1990160616    2331866183     339698709 
    276   2217        0     1       tick    2634121417    2009872690             -             0             - 
    277   2217        0     0       tick    2497573689    2007513707    2007532734    2497573689     369378398 
    278   2217        0     1       tick     675422996    1982128107             -             0             - 
    279   2217        0     0       tick    1166158332    1971204800    1971174348    1166158332      61618777 
    280   2217        0     1       tick    1438062498    2002693587             -             0             - 
    281   2217        0     0       tick    1422803336    2002477642    2002408392    1422803336      78288630 
    282   2217        0     1       tick    1525474978    2001444538             -             0             - 
    283   2217        0     0       tick    2071695921    2006593524    2006635440    2071695921     305607885 
    284   2217        0     1       tick     854608756    1984637639             -             0             - 
    285   2217        0     0       tick    1077678465    1967383852    1967356092    1077678465      59646239 
    286   2217        0     1       tick    1441258890    2000453509             -             0             - 
    287   2217        0     0       tick    1430789300    1993406047    1993564650    1430789300      82008143 
    288   2217        0     1       tick    1430116761    2000839599             -             0             - 
    289   2217        0     0       tick    1553870312    1992848045    1992922170    1553870312     186387576 
    290   2217        0     1       tick     814863145    2001742933             -             0             - 
    291   2217        0     0       tick    1029127057    1966613161    1966652310    1029127057      56563762 
    292   2217        0     1       tick    1434216481    2001970063             -             0             - 
    293   2217        0     0       tick    1428278281    2002141082    2002149036    1428278281      80338274 
    294   2217        0     1       tick    1439778598    2002655610             -             0             - 
    295   2217        0     0       tick    1379552176    2000199677    2000136150    1379552176     139142946 
    296   2217        0     1       tick     727397296    2001417376             -             0             - 
    297   2217        0     0       tick    1074772206    1967188883    1967142402    1074772206      59389272 
    298   2217        0     1       tick    1427680740    1984200823             -             0             - 
    299   2217        0     0       tick    1427746679    2002195727    2002283370    1427746679      79749256 
    300   2217        0     1       tick    1401941262    2000596451             -             0             - 
    301   2217        0     0       tick    1054719179    2001120017    2001207720    1054719179      97935943 
    302   2217        0     1       tick     713248539    1992168159             -             0             - 
    303   2217        0     0       tick    1364775462    1955742192    1960490850    1364775462      82293091 
    304   2217        0     1       tick    1418423575    2002409625             -             0             - 
    305   2217        0     0       tick    1427970637    2001774391    2001904476    1427970637      80408204 
    306   2217        0     1       tick    1381395542    2000624967             -             0             - 
    307   2217        0     0       tick     919642205    1990641202    1991984622     919642205      69960079 
    308   2217        0     1       tick     779211239    1973870056             -             0             - 
    309   2217        0     0       tick    1424794499    1995913429    1995919620    1424794499      79828660 
    310   2217        0     1       tick    1427013370    2002559559             -             0             - 
    311   2217        0     0       tick    1440931444    2002013950    2002019916    1440931444      82997877 
    312   2217        0     1       tick    1254858483    1999788997             -             0             - 
    313   2217        0     0       tick     662230108    1998995751    1998952482     662230108      17793705 
    314   2217        0     1       tick    1146900987    1970043245             -             0             - 
    315   2217        0     0       tick    1440321283    2002421084    2002441482    1440321283      82974286 
    316   2217        0     1       tick    1408222205    2002629872             -             0             - 
    317   2217        0     0       tick    1378124719    2000343867    2000367678    1378124719      95981811 
    318   2217        0     1       tick     909471278    2001381685             -             0             - 
    319   2217        0     0       tick     796213091    1973717587    1973703888     796213091      36411008 
    320   2217        0     1       tick    1424596583    1996068461             -             0             - 
    321   2217        0     0       tick    1429522786    2002205227    2002360620    1429522786      80217628 
    322   2217        0     1       tick    1434547169    2001713076             -             0             - 
    323   2217        0     0       tick    1242000745    1999962704    2000047128    1242000745     114672598 
    324   2217        0     1       tick     679076281    1998107289             -             0             - 
    325   2217        0     0       tick    1141574226    1969196977    1969312590    1141574226      60002222 
    326   2217        0     1       tick    1428440723    1986322118             -             0             - 
    327   2217        0     0       tick    1411876874    2002385867    2002393470    1411876874      75521105 
    328   2217        0     1       tick    1374159299    2000466340             -             0             - 
    329   2217        0     0       tick     902701022    2001224654    2001234504     902701022      65684568 
    330   2217        0     1       tick     800986158    1973451945             -             0             - 
    331   2217        0     0       tick    1424082867    1995680193    1995677376    1424082867      79801264 
    332   2217        0     1       tick    1438020096    2002567608             -             0             - 
    333   2217        0     0       tick    1428255641    2001361824    2001440538    1428255641      79900738 
    334   2217        0     1       tick    1234995383    1999882485             -             0             - 
    335   2217        0     0       tick     678206390    1997685994    1997694474     678206390      21245133 
    336   2217        0     1       tick    1146897648    1970963826             -             0             - 
    337   2217        0     0       tick    1437733701    2002498270    2002489812    1437733701      82874736 
    338   2217        0     1       tick    1410127080    2002467214             -             0             - 
    339   2217        0     0       tick    1375764567    2000288857    2000305524    1375764567      97696746 
    340   2217        0     1       tick     890740561    1992840835             -             0             - 
    341   2217        0     0       tick     800596247    1965470156    1965448398     800596247      36835881 
    342   2217        0     1       tick    1424289873    1994238287             -             0             - 
    343   2217        0     0       tick    1439396105    2002392440    2002482192    1439396105      82938894 
    344   2217        0     1       tick    1425923990    2002422159             -             0             - 
    345   2217        0     0       tick    1233164048    1999992505    1999992894    1233164048     113886302 
    346   2217        0     1       tick     677726747    1997775182             -             0             - 
    347   2217        0     0       tick    1148995306    1969688230    1969667658    1148995306      60483413 
    348   2217        0     1       tick    1439152003    2001976886             -             0             - 
    349   2217        0     0       tick    1396784538    1985333794    1985301468    1396784538      74937349 
    350   2217        0     1       tick    1295757135    1999429804             -             0             - 
    351   2217        0     0       tick     686094994    2000870112    2000895486     686094994      22299389 
    352   2217        0     1       tick    1076001867    1966861524             -             0             - 
    353   2217        0     0       tick    1442923953    2002450011    2002520958    1442923953      83075060 
    354   2217        0     1       tick    1440119947    2002609068             -             0             - 
    355   2217        0     0       tick    1298375490    1984163907    1984152984    1298375490     102045742 
    356   2217        0     1       tick     774268895    2001609373             -             0             - 
    357   2217        0     0       tick     974126463    1967234772    1967162172     974126463      52883717 
    358   2217        0     1       tick    1428203011    2002657055             -             0             - 
    359   2217        0     0       tick    1439596897    2002299557    2002400880    1439596897      82946401 
    360   2217        0     1       tick    1339379524    2000465661             -             0             - 
    361   2217        0     0       tick     855029818    2000967558    2000981424     855029818      56113450 
    362   2217        0     1       tick     865551199    1967491247             -             0             - 
    363   2217        0     0       tick    1409777630    2002412260    2002384872    1409777630      75439540 
    364   2217        0     1       tick    1441786424    2002108895             -             0             - 
    365   2217        0     0       tick    1300823900    2000271350    2000270760    1300823900     108402561 
    366   2217        0     1       tick     728154725    2001487714             -             0             - 
    367   2217        0     0       tick    1020197565    1950714360    1950720804    1020197565      56291864 
    368   2217        0     1       tick    1436289686    2002517250             -             0             - 
    369   2217        0     0       tick    1420202140    1986410443    1986528798    1420202140      80132740 
    370   2217        0     1       tick    1242897607    2000023111             -             0             - 
    371   2217        0     0       tick     671654424    1998260079    1998232944     671654424      19900731 
    372   2217        0     1       tick    1138640951    1962524269             -             0             - 
    373   2217        0     0       tick    1439449423    2002381367    2002462728    1439449423      82940698 
    374   2217        0     1       tick    1411538192    2002454609             -             0             - 
    375   2217        0     0       tick    1082789511    1999428477    1999407222    1082789511     102410128 
    376   2217        0     1       tick     692482185    1997535497             -             0             - 
    377   2217        0     0       tick    1283200502    1969680381    1969673748    1283200502      72763735 
    378   2217        0     1       tick    1442805051    2002424223             -             0             - 
    379   2217        0     0       tick    1300088974    2000002840    1999991220    1300088974     107309981 
    380   2217        0     1       tick     735966429    2001222326             -             0             - 
    381   2217        0     0       tick    1021188204    1966150305    1966148106    1021188204      56086202 
    382   2217        0     1       tick    1425276421    2001209917             -             0             - 
    383   2217        0     0       tick    1438826171    2002317157    2002340334    1438826171      82916728 
    384   2217        0     1       tick    1331796828    2000440264             -             0             - 
    385   2217        0     0       tick     814910598    1991759715    1991902602     814910598      48652722 
    386   2217        0     1       tick     906175561    1967026070             -             0             - 
    387   2217        0     0       tick    1439657667    2002382896    2002350840    1439657667      82948752 
    388   2217        0     1       tick    1410820333    2002405150             -             0             - 
    389   2217        0     0       tick    1375889200    2000216070    2000177292    1375889200      96582089 
    390   2217        0     1       tick     906473491    2001507322             -             0             - 
    391   2217        0     0       tick     791967064    1965558956    1965583458     791967064      36301911 
    392   2217        0     1       tick    1425120437    1995971047             -             0             - 
    393   2217        0     0       tick    1429432851    2002230828    2002352136    1429432851      80054216 
    394   2217        0     1       tick    1396797005    2000388942             -             0             - 
    395   2217        0     0       tick     992115956    2001155462    2001142740     992115956      83290737 
    396   2217        0     1       tick     709134311    1981508009             -             0             - 
    397   2217        0     0       tick    1397249337    1986952151    1986968580    1397249337      79147427 
    398   2217        0     1       tick    1440238962    2002458999             -             0             - 
    399   2217        0     0       tick    1411138959    2002102008    2002224768    1411138959      75492443 
    400   2217        0     1       tick    1072621765    1982485686             -             0             - 
    401   2217        0     0       tick     688931139    1990327665    1990285992     688931139      20443986 
    402   2217        0     1       tick    1268061837    1954076304             -             0             - 
    403   2217        0     0       tick    1435401004    1994340856    1994356218    1435401004      82784144 
    404   2217        0     1       tick    1427414304    2002007117             -             0             - 
    405   2217        0     0       tick    1201056295    1983620939    1983663144    1201056295     112228840 
    406   2217        0     1       tick     677206908    1998208083             -             0             - 
    407   2217        0     0       tick    1170001831    1970759263    1970737038    1170001831      61920994 
    408   2217        0     1       tick    1440342720    2002466486             -             0             - 
    409   2217        0     0       tick    1424754838    2000074263    2000079768    1424754838      79768732 
    410   2217        0     1       tick    1026282111    1983036197             -             0             - 
    411   2217        0     0       tick     699137187    1997374309    1997366892     699137187      20485357 
    412   2217        0     1       tick    1309827585    1966660304             -             0             - 
    413   2217        0     0       tick    1430364089    2001938590    2002011714    1430364089      80827632 
    414   2217        0     1       tick    1441416970    2002181540             -             0             - 
    415   2217        0     0       tick    1155186822    1999752912    1999760550    1155186822     107068217 
    416   2217        0     1       tick     677742832    1998463174             -             0             - 
    417   2217        0     0       tick    1216404939    1953553403    1961472186    1216404939      67831467 
    418   2217        0     1       tick    1427575466    2002434717             -             0             - 
    419   2217        0     0       tick    1439064777    2002132500    2002058340    1439064777      82925953 
    420   2217        0     1       tick    1255000574    1999862495             -             0             - 
    421   2217        0     0       tick     652690249    2000368316    2000406234     652690249      15664928 
    422   2217        0     1       tick    1152663915    1969035035             -             0             - 
    423   2217        0     0       tick    1400137136    1986324317    1986367812    1400137136      75066995 
    424   2217        0     1       tick    1438081999    2002269328             -             0             - 
    425   2217        0     0       tick    1300878254    2000289999    2000314272    1300878254     109275363 
    426   2217        0     1       tick     718748156    2001286565             -             0             - 
    427   2217        0     0       tick    1037002933    1966999397    1966951254    1037002933      57184671 
    428   2217        0     1       tick    1429035989    1981099321             -             0             - 
    429   2217        0     0       tick    1427701984    2001999917    2002103604    1427701984      79747654 
    430   2217        0     1       tick    1327321350    2000537979             -             0             - 
    431   2217        0     0       tick     809668103    2001389348    2001477444     809668103      47135806 
    432   2217        0     1       tick     917877369    1964798578             -             0             - 
    433   2217        0     0       tick    1434851526    1996166130    2002217790    1434851526      82762768 
    434   2217        0     1       tick    1410205186    2002533731             -             0             - 
    435   2217        0     0       tick    1365349471    1984089479    1984167666    1365349471      96655379 
    436   2217        0     1       tick     900647987    2000850513             -             0             - 
    437   2217        0     0       tick     799934051    1973429663    1973457300     799934051      36698646 
    438   2217        0     1       tick    1424863832    1996174985             -             0             - 
    439   2217        0     0       tick    1437206034    2002407371    2002430838    1437206034      82601669 
    440   2217        0     1       tick    1428830291    2001705880             -             0             - 
    441   2217        0     0       tick    1235599114    1993909184    1999820748    1235599114     114618149 
    442   2217        0     1       tick     667354737    1988562207             -             0             - 
    443   2217        0     0       tick    1132039741    1954051511    1954054884    1132039741      60768596 
    444   2217        0     1       tick    1435330784    2002403963             -             0             - 
    445   2217        0     0       tick    1411456524    2002102999    2002146864    1411456524      75504981 
    446   2217        0     1       tick    1363835894    1983607977             -             0             - 
    447   2217        0     0       tick     916665169    1999305308    2001307242     916665169      68546767 
    448   2217        0     1       tick     779260112    1972671547             -             0             - 
    449   2217        0     0       tick    1424353454    1995961479    1995984936    1424353454      79811816 
    450   2217        0     1       tick    1427476977    2002564456             -             0             - 
    451   2217        0     0       tick    1439688901    2002408204    2002443186    1439688901      82950090 
    452   2217        0     1       tick    1334655900    2000710022             -             0             - 
    453   2217        0     0       tick     828771943    2000542903    2000539608     828771943      51291918 
    454   2217        0     1       tick     882056878    1950458975             -             0             - 
    455   2217        0     0       tick    1424794612    2002453199    2002451760    1424794612      78900269 
    456   2217        0     1       tick    1422146645    2001769829             -             0             - 
    457   2217        0     0       tick    1441948404    2000362159    2000363898    1441948404      83037463 
    458   2217        0     1       tick    1305329909    1999535174             -             0             - 
    459   2217        0     0       tick     751572554    1999785578    1999797222     751572554      35563230 
    460   2217        0     1       tick     994056189    1957993062             -             0             - 
    461   2217        0     0       tick    1416935600    1984337206    1986362286    1416935600      79331571 
    462   2217        0     1       tick    1426587383    1986566152             -             0             - 
    463   2217        0     0       tick    1337524115    1999884167    1999839924    1337524115      96280263 
    464   2217        0     1       tick     850049795    2001530298             -             0             - 
    465   2217        0     0       tick     858741202    1950020656    1950021006     858741202      44090112 
    466   2217        0     1       tick    1400267256    1986548120             -             0             - 
    467   2217        0     0       tick    1443257238    2002216555    2002208508    1443257238      83087691 
    468   2217        0     1       tick    1379068210    2000435792             -             0             - 
    469   2217        0     0       tick     946826203    2001355258    2001380598     946826203      74382172 
    470   2217        0     1       tick     751924467    1974067271             -             0             - 
    471   2217        0     0       tick    1416765748    1995961190    1995997236    1416765748      78602925 
    472   2217        0     1       tick    1432139440    2002638340             -             0             - 
    473   2217        0     0       tick    1405487889    1971829866    1983802812    1405487889      80561218 
    474   2217        0     1       tick    1022565441    1993905656             -             0             - 
    475   2217        0     0       tick     703178880    1998169672    1998168960     703178880      20436406 
    476   2217        0     1       tick    1342626019    1970761010             -             0             - 
    477   2217        0     0       tick    1410437980    2002417168    2002450824    1410437980      75465332 
    478   2217        0     1       tick    1375780083    1997967416             -             0             - 
    479   2217        0     0       tick     912532146    2001632030    2001619722     912532146      67544660 
    480   2217        0     1       tick     787357324    1972932522             -             0             - 
    481   2217        0     0       tick    1416989216    1984866932    1987533774    1416989216      79527284 
    482   2217        0     1       tick    1428076678    2002561503             -             0             - 
    483   2217        0     0       tick    1403523349    2000169686    2000146044    1403523349      87005844 
    484   2217        0     1       tick     999593641    2001624835             -             0             - 
    485   2217        0     0       tick     710582875    1988794782    1988743392     710582875      23738354 
    486   2217        0     1       tick    1382524806    1980490097             -             0             - 
    487   2217        0     0       tick    1414297376    1986040475    1986064260    1414297376      79303298 
    488   2217        0     1       tick    1422235557    2002763033             -             0             - 
    489   2217        0     0       tick    1379851961    2000316081    2000302422    1379851961      94807038 
    490   2217        0     1       tick     918026547    1993578583             -             0             - 
    491   2217        0     0       tick     770920265    1965389852    1965370248     770920265      35024411 
    492   2217        0     1       tick    1424282708    1996113089             -             0             - 
    493   2217        0     0       tick    1428751555    2001728276    2001796776    1428751555      79788240 
    494   2217        0     1       tick    1439732709    2002400985             -             0             - 
    495   2217        0     0       tick    1254392776    1999028070    1998970932    1254392776     114447352 
    496   2217        0     1       tick     655991329    1998980718             -             0             - 
    497   2217        0     0       tick    1140112712    1953219984    1953307782    1140112712      64959265 
    498   2217        0     1       tick    1411418154    1994239590             -             0             - 
    499   2217        0     0       tick    1431345637    2001168160    2001123264    1431345637      81245131 
    500   2217        0     1       tick    1443729328    2002053265             -             0             - 
    501   2217        0     0       tick    1155840608    1999316062    1999363746    1155840608     106930492 
    502   2217        0     1       tick     677837953    1997972062             -             0             - 
    503   2217        0     0       tick    1215020394    1953548569    1953651354    1215020394      67747744 
    504   2217        0     1       tick    1426645622    2002586001             -             0             - 
    505   2217        0     0       tick    1439786954    2002435339    2002456266    1439786954      82953881 
    506   2217        0     1       tick    1337682350    2000503539             -             0             - 
    507   2217        0     0       tick     844681519    2001282204    2001289884     844681519      54183141 
    508   2217        0     1       tick     880509817    1967813404             -             0             - 
    509   2217        0     0       tick    1417794307    2002403463    2002460004    1417794307      77144246 
    510   2217        0     1       tick    1421372943    1986332661             -             0             - 
    511   2217        0     0       tick    1442192860    2001063303    2001057000    1442192860      83046789 
    512   2217        0     1       tick    1164716866    1999446804             -             0             - 
    513   2217        0     0       tick     678236301    1998252308    1998298926     678236301      20759780 
    514   2217        0     1       tick    1219777265    1970723506             -             0             - 
    515   2217        0     0       tick    1417204009    1986515191    1986619974    1417204009      79341821 
    516   2217        0     1       tick    1439362542    2002581744             -             0             - 
    517   2217        0     0       tick    1249034584    1984191217    1984139160    1249034584     111881309 
    518   2217        0     1       tick     647459673    2001266603             -             0             - 
    519   2217        0     0       tick    1154411274    1966630011    1966597950    1154411274      69429191 
    520   2217        0     1       tick    1409300849    2001714214             -             0             - 
    521   2217        0     0       tick    1442462435    2002166212    2002221546    1442462435      83057472 
    522   2217        0     1       tick    1305054271    2000207829             -             0             - 
    523   2217        0     0       tick     724864231    2001099491    2001070512     724864231      30058206 
    524   2217        0     1       tick    1033372648    1966090789             -             0             - 
    525   2217        0     0       tick    1439878431    2000339243    2000391138    1439878431      82957159 
    526   2217        0     1       tick    1426865069    2000518277             -             0             - 
    527   2217        0     0       tick    1330940645    1998695326    1998672858    1330940645     101755535 
    528   2217        0     1       tick     809850751    2001606300             -             0             - 
    529   2217        0     0       tick     924193830    1967225488    1967191956     924193830      47746883 
    530   2217        0     1       tick    1440444566    2002497822             -             0             - 
    531   2217        0     0       tick    1409308455    2002317562    2002390896    1409308455      75421785 
    532   2217        0     1       tick    1366487495    1984579628             -             0             - 
    533   2217        0     0       tick     898213640    1999948562    1999978872     898213640      64515337 
    534   2217        0     1       tick     795689859    1954421185             -             0             - 
    535   2217        0     0       tick    1421271332    1987579482    1987577196    1421271332      79693008 
    536   2217        0     1       tick    1437841857    2002484315             -             0             - 
    537   2217        0     0       tick    1373876568    1976326439    1976392842    1373876568      84507983 
    538   2217        0     1       tick     999160729    2001776931             -             0             - 
    539   2217        0     0       tick     709914443    1982074523    1982085276     709914443      27306588 
    540   2217        0     1       tick    1396474174    1987577039             -             0             - 
    541   2217        0     0       tick    1436106135    1996293911    2002407084    1436106135      82811283 
    542   2217        0     1       tick    1412024164    2002405677             -             0             - 
    543   2217        0     0       tick    1087827492    1998949709    1998929460    1087827492     103212478 
    544   2217        0     1       tick     693988074    1998737776             -             0             - 
    545   2217        0     0       tick    1285291927    1969848507    1969933770    1285291927      72954523 
    546   2217        0     1       tick    1441185812    2001718341             -             0             - 
    547   2217        0     0       tick    1434458464    2002235568    2002247118    1434458464      81782597 
    548   2217        0     1       tick    1186302471    2000018238             -             0             - 
    549   2217        0     0       tick     673085037    1982168814    1982133708     673085037      20794037 
    550   2217        0     1       tick    1188884030    1971073080             -             0             - 
    551   2217        0     0       tick    1438787735    2002347478    2002390644    1438787735      82915628 
    552   2217        0     1       tick    1438523219    2002556482             -             0             - 
    553   2217        0     0       tick    1261020953    1993812693    1999670454    1261020953     111289393 
    554   2217        0     1       tick     650905752    2001038438             -             0             - 
    555   2217        0     0       tick    1149176689    1965772336    1965734430    1149176689      69778455 
    556   2217        0     1       tick    1411893753    2002262707             -             0             - 
    557   2217        0     0       tick    1442666378    2002470067    2002509252    1442666378      83065229 
    558   2217        0     1       tick    1377652863    2000682856             -             0             - 
    559   2217        0     0       tick     950465591    2001139610    2001098208     950465591      75020819 
    560   2217        0     1       tick     741786037    1957603508             -             0             - 
    561   2217        0     0       tick    1408885410    1995563793    1995549936    1408885410      76475145 
    562   2217        0     1       tick    1438189083    2001826900             -             0             - 
    563   2217        0     0       tick    1413894912    1983633066    1983610824    1413894912      80476465 
    564   2217        0     1       tick    1024902153    1983625365             -             0             - 
    565   2217        0     0       tick     702797309    1998477219    1998444762     702797309      20524357 
    566   2217        0     1       tick    1337697995    1970484328             -             0             - 
    567   2217        0     0       tick    1402167112    1986497699    1986512574    1402167112      75672137 
    568   2217        0     1       tick    1441666848    2001710214             -             0             - 
    569   2217        0     0       tick    1151621247    2000152663    2000123052    1151621247     107195243 
    570   2217        0     1       tick     678274653    1998376770             -             0             - 
    571   2217        0     0       tick    1233381810    1970312448    1970274510    1233381810      68703883 
    572   2217        0     1       tick    1427931307    2002598096             -             0             - 
    573   2217        0     0       tick    1406482470    2000251332    2000298252    1406482470      86411529 
    574   2217        0     1       tick    1005311125    2001809659             -             0             - 
    575   2217        0     0       tick     708188280    1982300298    1982294160     708188280      20600064 
    576   2217        0     1       tick    1360993850    1954711929             -             0             - 
    577   2217        0     0       tick    1418556239    2002134872    2002109592    1418556239      77310155 
    578   2217        0     1       tick    1419762009    1986544453             -             0             - 
    579   2217        0     0       tick    1117520109    1999279723    1999167606    1117520109     105076637 
    580   2217        0     1       tick     685273286    1998095521             -             0             - 
    581   2217        0     0       tick    1257972077    1969361788    1969394046    1257972077      70752100 
    582   2217        0     1       tick    1440722639    2001333122             -             0             - 
    583   2217        0     0       tick    1427914405    2002300984    2002353888    1427914405      79755869 
    584   2217        0     1       tick    1227358783    2000167768             -             0             - 
    585   2217        0     0       tick     677675053    1997887811    1997876568     677675053      21148430 
    586   2217        0     1       tick    1155493418    1970652815             -             0             - 
    587   2217        0     0       tick    1439253826    2002128016    2002123968    1439253826      82933134 
    588   2217        0     1       tick    1407280653    2002705556             -             0             - 
    589   2217        0     0       tick    1294238037    2000207325    2000209020    1294238037     115093206 
    590   2217        0     1       tick     679544840    2001406272             -             0             - 
    591   2217        0     0       tick    1085239562    1967247979    1967302974    1085239562      60108251 
    592   2217        0     1       tick    1428451477    1980312723             -             0             - 
    593   2217        0     0       tick    1441089694    2002316243    2002282638    1441089694      83004261 
    594   2217        0     1       tick    1310284467    2000502711             -             0             - 
    595   2217        0     0       tick     769668391    2000895300    2000881332     769668391      39213475 
    596   2217        0     1       tick     980481722    1966509741             -             0             - 
    597   2217        0     0       tick    1427587320    2002400921    2002511070    1427587320      79743216 
    598   2217        0     1       tick    1439407330    2002527889             -             0             - 
    599   2217        0     0       tick    1338338167    2000332051    2000299806    1338338167      95865224 
    600   2217        0     1       tick     853530572    2001681242             -             0             - 
    601   2217        0     0       tick     862387943    1959372650    1959389508     862387943      44146586 
    602   2217        0     1       tick    1409880822    2002615588             -             0             - 
    603   2217        0     0       tick    1441303656    2002409585    2002385754    1441303656      83012276 
    604   2217        0     1       exit    1184777868    1651164354             -             0             - 
