[Event-to-counter mappings]
pmc0=instr_retired_fixed(0),instr(1)
pmc1=unhalted_core_cycles_fixed(0),cycles(1)
pmc3=llc_misses(0)
[Event counts]
nsample    pid coretype expid      event          pmc0          pmc1          pmc3
      1   2246        0     0       tick     795022066    1460487007     795022066 
      2   2246        0     1       tick     658112348    1961193725             - 
      3   2246        0     0       tick     987362862    1917722966     987362862 
      4   2246        0     1       tick    1150627141    1948808221             - 
      5   2246        0     0       tick     631150293    1977781899     631150293 
      6   2246        0     1       tick    1022984756    1937517350             - 
      7   2246        0     0       tick    1867241100    1993742855    1867241100 
      8   2246        0     1       tick    2972768648    2011061695             - 
      9   2246        0     0       tick    2886718630    2010205218    2886718630 
     10   2246        0     1       tick    2976827562    2011046414             - 
     11   2246        0     0       tick    2887893694    2010258047    2887893694 
     12   2246        0     1       tick    2965032328    2011137719             - 
     13   2246        0     0       tick    2632306722    2008980880    2632306722 
     14   2246        0     1       tick     676859198    1997803274             - 
     15   2246        0     0       tick    1069945583    1959049729    1069945583 
     16   2246        0     1       tick    2182066717    1982039246             - 
     17   2246        0     0       tick    2954780448    2011117141    2954780448 
     18   2246        0     1       tick    2852045453    1994125787             - 
     19   2246        0     0       tick    2916196608    1992856670    2916196608 
     20   2246        0     1       tick    2876586960    2010337078             - 
     21   2246        0     0       tick    2939418100    2010838123    2939418100 
     22   2246        0     1       tick    1191256492    1987353702             - 
     23   2246        0     0       tick     919065570    1970932485     919065570 
     24   2246        0     1       tick    1156883305    2001984578             - 
     25   2246        0     0       tick    2474510417    2006365142    2474510417 
     26   2246        0     1       tick    2836276753    2010391847             - 
     27   2246        0     0       tick    2920144295    2010848170    2920144295 
     28   2246        0     1       tick    2829146333    2009896334             - 
     29   2246        0     0       tick    2884154210    2009991867    2884154210 
     30   2246        0     1       tick     607031362    2000541469             - 
     31   2246        0     0       tick    1023204660    1963057018    1023204660 
     32   2246        0     1       tick    1170736498    2000402947             - 
     33   2246        0     0       tick    2969213997    2010962392    2969213997 
     34   2246        0     1       tick    2960719335    2011143094             - 
     35   2246        0     0       tick    2925848339    2010611169    2925848339 
     36   2246        0     1       tick    2967406462    2002725308             - 
     37   2246        0     0       tick    2960202469    2010693181    2960202469 
     38   2246        0     1       tick    2922534837    2010624425             - 
     39   2246        0     0       tick    2978885061    2011156620    2978885061 
     40   2246        0     1       tick    2958948074    2010784820             - 
     41   2246        0     0       tick    2276611078    2008006502    2276611078 
     42   2246        0     1       tick     686694670    1975911222             - 
     43   2246        0     0       tick    1096509365    1974768757    1096509365 
     44   2246        0     1       tick    1638662173    2002774062             - 
     45   2246        0     0       tick    2965687329    2010722082    2965687329 
     46   2246        0     1       tick    2964718708    2011016624             - 
     47   2246        0     0       tick    2905728360    2010581265    2905728360 
     48   2246        0     1       tick    2954733270    2011112380             - 
     49   2246        0     0       tick    2910324983    2010139228    2910324983 
     50   2246        0     1       tick    2981973008    2010329857             - 
     51   2246        0     0       tick    2942214587    2010431163    2942214587 
     52   2246        0     1       tick    1877754351    2005820398             - 
     53   2246        0     0       tick     726612169    1976056860     726612169 
     54   2246        0     1       tick    1122731189    1997411395             - 
     55   2246        0     0       tick    1169585420    2000456595    1169585420 
     56   2246        0     1       tick    2963245409    1994857086             - 
     57   2246        0     0       tick    2986068383    2011090336    2986068383 
     58   2246        0     1       tick    2985901524    2011023183             - 
     59   2246        0     0       tick    2948751223    2010779854    2948751223 
     60   2246        0     1       tick    3004214150    2011217720             - 
     61   2246        0     0       tick    2984727912    2011034226    2984727912 
     62   2246        0     1       tick    2988955716    2011187067             - 
     63   2246        0     0       tick    2948024650    2009869607    2948024650 
     64   2246        0     1       tick    2992094234    2010883352             - 
     65   2246        0     0       tick    2986948914    2010675387    2986948914 
     66   2246        0     1       tick    2999886416    2011209484             - 
     67   2246        0     0       tick    2732597253    2009703561    2732597253 
     68   2246        0     1       tick     643759709    1997869113             - 
     69   2246        0     0       tick    1020703891    1975008127    1020703891 
     70   2246        0     1       tick    1141829743    2002235023             - 
     71   2246        0     0       tick    2309098724    2005673224    2309098724 
     72   2246        0     1       tick    2990574775    2011064260             - 
     73   2246        0     0       tick    2981002978    2010895693    2981002978 
     74   2246        0     1       tick    2960040783    2011041750             - 
     75   2246        0     0       tick    2950778784    2010960485    2950778784 
     76   2246        0     1       tick    2962171225    2011142746             - 
     77   2246        0     0       tick    2986983541    2011181315    2986983541 
     78   2246        0     1       tick    2893095831    1994697435             - 
     79   2246        0     0       tick    2970817260    2010667246    2970817260 
     80   2246        0     1       tick    2970225730    2011212160             - 
     81   2246        0     0       tick    2983589848    2011109017    2983589848 
     82   2246        0     1       tick    1347393845    2003981866             - 
     83   2246        0     0       tick     829589820    1971133281     829589820 
     84   2246        0     1       tick    1133503696    1986725607             - 
     85   2246        0     0       tick    1478688296    1988977015    1478688296 
     86   2246        0     1       tick    2960525379    2010520253             - 
     87   2246        0     0       tick    2989026058    2010277628    2989026058 
     88   2246        0     1       tick    2978894540    2010490485             - 
     89   2246        0     0       tick    2970341162    2010280445    2970341162 
     90   2246        0     1       tick    2941776807    2010176136             - 
     91   2246        0     0       tick    2986423751    2010810189    2986423751 
     92   2246        0     1       tick    2962202715    1995154563             - 
     93   2246        0     0       tick    2966180883    2010408147    2966180883 
     94   2246        0     1       tick    2939792112    2010280685             - 
     95   2246        0     0       tick    2976393044    2010952864    2976393044 
     96   2246        0     1       tick    2972140022    2010930142             - 
     97   2246        0     0       tick    2944926040    1994948680    2944926040 
     98   2246        0     1       tick    2246856857    2007274117             - 
     99   2246        0     0       tick     666830292    1998071848     666830292 
    100   2246        0     1       tick    1083508227    1973852804             - 
    101   2246        0     0       tick    1141752288    2001820927    1141752288 
    102   2246        0     1       tick    1858835025    2003940734             - 
    103   2246        0     0       tick    2981856756    2011074685    2981856756 
    104   2246        0     1       tick    2982278242    2010598567             - 
    105   2246        0     0       tick    2970998250    2010624626    2970998250 
    106   2246        0     1       tick    2980137226    2011014765             - 
    107   2246        0     0       tick    2957133428    2002888211    2957133428 
    108   2246        0     1       tick    2959661762    1995139386             - 
    109   2246        0     0       tick    2951456454    2010283080    2951456454 
    110   2246        0     1       tick    2969864828    2010930934             - 
    111   2246        0     0       tick    2972468995    2010991951    2972468995 
    112   2246        0     1       tick    2942283142    1994926026             - 
    113   2246        0     0       tick    2975006589    2011085088    2975006589 
    114   2246        0     1       tick    2969878912    2011218698             - 
    115   2246        0     0       tick    2986647212    2010625416    2986647212 
    116   2246        0     1       tick    2976053804    2011073957             - 
    117   2246        0     0       tick    1337267452    2004226584    1337267452 
    118   2246        0     1       tick     828697988    1971445780             - 
    119   2246        0     0       tick    1134433461    1986596091    1134433461 
    120   2246        0     1       tick    1157874609    2002824591             - 
    121   2246        0     0       tick    2554352935    2006944558    2554352935 
    122   2246        0     1       tick    2991150443    2011281482             - 
    123   2246        0     0       tick    2970288356    2011127232    2970288356 
    124   2246        0     1       tick    2971556300    2010411631             - 
    125   2246        0     0       tick    2997771275    2011105546    2997771275 
    126   2246        0     1       tick    2996921636    2011249784             - 
    127   2246        0     0       tick    2970719161    2010464001    2970719161 
    128   2246        0     1       tick    2999231633    2011186585             - 
    129   2246        0     0       tick    2919721412    1995015399    2919721412 
    130   2246        0     1       tick    2972297800    2011107629             - 
    131   2246        0     0       tick    2973587590    2011158840    2973587590 
    132   2246        0     1       tick    2993136606    2011280674             - 
    133   2246        0     0       tick    2966310346    2011078120    2966310346 
    134   2246        0     1       tick    2967210422    2011265931             - 
    135   2246        0     0       tick    2944477313    2010997077    2944477313 
    136   2246        0     1       tick    2996857987    2011094605             - 
    137   2246        0     0       tick    2985366162    2010551823    2985366162 
    138   2246        0     1       tick    2034754183    2007191473             - 
    139   2246        0     0       tick     688059158    1987262760     688059158 
    140   2246        0     1       tick    1114135982    1986096831             - 
    141   2246        0     0       tick    1180055929    2002613540    1180055929 
    142   2246        0     1       tick    1249332706    2001244743             - 
    143   2246        0     0       tick    3001452755    2010958478    3001452755 
    144   2246        0     1       tick    2992879177    2011123488             - 
    145   2246        0     0       tick    2948391515    1994901548    2948391515 
    146   2246        0     1       tick    2969510898    2011130599             - 
    147   2246        0     0       tick    2994198536    2010956292    2994198536 
    148   2246        0     1       tick    3012269671    2011123229             - 
    149   2246        0     0       tick    3007380597    2011096453    3007380597 
    150   2246        0     1       tick    2994559602    2011190946             - 
    151   2246        0     0       tick    2928602820    1994027219    2928602820 
    152   2246        0     1       tick    2942879702    1995054734             - 
    153   2246        0     0       tick    2999600693    2011178511    2999600693 
    154   2246        0     1       tick    3011474656    2011201181             - 
    155   2246        0     0       tick    3009945902    2011145405    3009945902 
    156   2246        0     1       tick    2989547302    2011269446             - 
    157   2246        0     0       tick    2954801466    2002548424    2954801466 
    158   2246        0     1       tick    2966615476    2010547848             - 
    159   2246        0     0       tick    2987103329    2010732163    2987103329 
    160   2246        0     1       tick    3014954827    2010797556             - 
    161   2246        0     0       tick    1232518065    2003053289    1232518065 
    162   2246        0     1       tick     842396963    1971249820             - 
    163   2246        0     0       tick    1149568962    2001462861    1149568962 
    164   2246        0     1       tick    1149032439    2001719632             - 
    165   2246        0     0       tick    1842283278    2003719953    1842283278 
    166   2246        0     1       tick    3000782799    2011107105             - 
    167   2246        0     0       tick    2980962686    2010574721    2980962686 
    168   2246        0     1       tick    2988068880    2011205842             - 
    169   2246        0     0       tick    2986407054    2011000155    2986407054 
    170   2246        0     1       tick    3000500732    2010847062             - 
    171   2246        0     0       tick    3005567432    2011059591    3005567432 
    172   2246        0     1       tick    2968174869    1995059635             - 
    173   2246        0     0       tick    2982643654    2011146326    2982643654 
    174   2246        0     1       tick    2970058797    2011185060             - 
    175   2246        0     0       tick    2962608604    2010913724    2962608604 
    176   2246        0     1       tick    2964921380    1987013571             - 
    177   2246        0     0       tick    2998304344    2011042813    2998304344 
    178   2246        0     1       tick    2997161935    2011107080             - 
    179   2246        0     0       tick    2995378952    2010866271    2995378952 
    180   2246        0     1       tick    2946172472    1995129489             - 
    181   2246        0     0       tick    2936406519    1994966635    2936406519 
    182   2246        0     1       tick    2983733733    2011122901             - 
    183   2246        0     0       tick    2998160067    2011151743    2998160067 
    184   2246        0     1       tick    2055553746    2006743172             - 
    185   2246        0     0       tick     685699397    1994440382     685699397 
    186   2246        0     1       tick    1105080135    1978326664             - 
    187   2246        0     0       tick    1175044781    2001845437    1175044781 
    188   2246        0     1       tick    1215026744    2000758430             - 
    189   2246        0     0       tick    2999247955    2010071290    2999247955 
    190   2246        0     1       tick    2980610562    2010264951             - 
    191   2246        0     0       tick    2963032216    2010974552    2963032216 
    192   2246        0     1       tick    2978570765    2011076066             - 
    193   2246        0     0       tick    2996365919    2010814434    2996365919 
    194   2246        0     1       tick    2989796879    2011089630             - 
    195   2246        0     0       tick    3001404291    2011013614    3001404291 
    196   2246        0     1       tick    2978181986    2010909092             - 
    197   2246        0     0       tick    2949916410    2011149379    2949916410 
    198   2246        0     1       tick    2957449429    2010946646             - 
    199   2246        0     0       tick    2975183309    2010513111    2975183309 
    200   2246        0     1       tick    3011065588    2011262854             - 
    201   2246        0     0       tick    3007771979    2011185662    3007771979 
    202   2246        0     1       tick    2998034289    2010741250             - 
    203   2246        0     0       tick    2965570087    1994930139    2965570087 
    204   2246        0     1       tick    2977700499    2011098991             - 
    205   2246        0     0       tick    2974434386    2010792813    2974434386 
    206   2246        0     1       tick    2991868976    2011143942             - 
    207   2246        0     0       tick    2998046488    2010782185    2998046488 
    208   2246        0     1       tick    1518209766    2004966960             - 
    209   2246        0     0       tick     765238639    1976219899     765238639 
    210   2246        0     1       tick    1162656003    1997264843             - 
    211   2246        0     0       tick    1158656754    2002633553    1158656754 
    212   2246        0     1       tick    1141859376    2002598628             - 
    213   2246        0     0       tick    2681640634    2007470483    2681640634 
    214   2246        0     1       tick    3002290007    2010880509             - 
    215   2246        0     0       tick    2983353110    2010746648    2983353110 
    216   2246        0     1       tick    2985094948    2011226796             - 
    217   2246        0     0       tick    2985483559    2011034993    2985483559 
    218   2246        0     1       tick    2992326154    2011267916             - 
    219   2246        0     0       tick    3009629550    2011133728    3009629550 
    220   2246        0     1       tick    3011036185    2011065155             - 
    221   2246        0     0       tick    2957627214    1994653477    2957627214 
    222   2246        0     1       tick    2984179335    2010705018             - 
    223   2246        0     0       tick    2975895763    2008136063    2975895763 
    224   2246        0     1       tick    2977640076    2010510258             - 
    225   2246        0     0       tick    2998058193    2010466031    2998058193 
    226   2246        0     1       tick    3009068302    2010687432             - 
    227   2246        0     0       tick    2997548821    2002536616    2997548821 
    228   2246        0     1       tick    2996563197    2011128275             - 
    229   2246        0     0       tick    2964650981    2010071408    2964650981 
    230   2246        0     1       tick    2973239207    2010535826             - 
    231   2246        0     0       tick    2955479892    1995023550    2955479892 
    232   2246        0     1       tick    2999909756    2011199631             - 
    233   2246        0     0       tick    3005427793    2010717824    3005427793 
    234   2246        0     1       tick    1554984540    2005160913             - 
    235   2246        0     0       tick     747303263    1959383945     747303263 
    236   2246        0     1       tick    1163180860    1995851043             - 
    237   2246        0     0       tick    1134335860    1986209448    1134335860 
    238   2246        0     1       tick    1156033595    2002002125             - 
    239   2246        0     0       tick    2599266749    1988883322    2599266749 
    240   2246        0     1       tick    3001959442    2011165501             - 
    241   2246        0     0       tick    2982790095    2010915018    2982790095 
    242   2246        0     1       tick    2961109308    2011202907             - 
    243   2246        0     0       tick    2988256340    2011106608    2988256340 
    244   2246        0     1       tick    3006113630    2011005338             - 
    245   2246        0     0       tick    3017416583    2010943485    3017416583 
    246   2246        0     1       tick    2998206136    2010583563             - 
    247   2246        0     0       tick    2991253961    2010961513    2991253961 
    248   2246        0     1       tick    2971143464    2011131877             - 
    249   2246        0     0       tick    2962846694    2011034789    2962846694 
    250   2246        0     1       tick    2953048905    1986958749             - 
    251   2246        0     0       tick    3006344173    2010474418    3006344173 
    252   2246        0     1       tick    3015322281    2010196717             - 
    253   2246        0     0       tick    3014936648    2010660882    3014936648 
    254   2246        0     1       tick    2982689252    2011073922             - 
    255   2246        0     0       tick    2964755097    2011124616    2964755097 
    256   2246        0     1       tick    2928516662    1986978911             - 
    257   2246        0     0       tick    2991287019    2011080769    2991287019 
    258   2246        0     1       tick    3007332608    2011261058             - 
    259   2246        0     0       tick    2455303508    2008813060    2455303508 
    260   2246        0     1       tick     641950345    1998191402             - 
    261   2246        0     0       tick    1041450543    1958569616    1041450543 
    262   2246        0     1       tick    1157966611    2002613380             - 
    263   2246        0     0       tick    1139512215    2002672707    1139512215 
    264   2246        0     1       tick    1972811240    2004310160             - 
    265   2246        0     0       tick    3011576941    2010984159    3011576941 
    266   2246        0     1       tick    2991440718    2011172099             - 
    267   2246        0     0       tick    2936896815    2010996267    2936896815 
    268   2246        0     1       tick    2937984604    2011066410             - 
    269   2246        0     0       tick    2957748277    2011125533    2957748277 
    270   2246        0     1       tick    2971735315    2011088274             - 
    271   2246        0     0       tick    2996849537    2010809213    2996849537 
    272   2246        0     1       tick    2995131956    2010475537             - 
    273   2246        0     0       tick    2952802419    2010853526    2952802419 
    274   2246        0     1       tick    2937540701    2011062203             - 
    275   2246        0     0       tick    2982416444    2010552537    2982416444 
    276   2246        0     1       tick    3010342308    2010797363             - 
    277   2246        0     0       tick    2999262855    2010596469    2999262855 
    278   2246        0     1       tick    2991470122    2011184595             - 
    279   2246        0     0       tick    2983645153    2010761645    2983645153 
    280   2246        0     1       tick    2951475531    2010147961             - 
    281   2246        0     0       tick    2954961905    2010384538    2954961905 
    282   2246        0     1       tick    2988229174    2010836690             - 
    283   2246        0     0       tick    2982939111    1988703862    2982939111 
    284   2246        0     1       tick    1619572256    2005346236             - 
    285   2246        0     0       tick     741397649    1976294575     741397649 
    286   2246        0     1       tick    1155883290    1980943376             - 
    287   2246        0     0       tick    1142970464    2002555357    1142970464 
    288   2246        0     1       tick    1152679331    1994556155             - 
    289   2246        0     0       tick    1764820161    2002726190    1764820161 
    290   2246        0     1       tick    3001174960    2010874636             - 
    291   2246        0     0       tick    2953255128    2010588600    2953255128 
    292   2246        0     1       tick    2911138567    2010642717             - 
    293   2246        0     0       tick    2979157787    2010488991    2979157787 
    294   2246        0     1       tick    3005685895    2010705774             - 
    295   2246        0     0       tick    3016679408    2011045455    3016679408 
    296   2246        0     1       tick    2986120681    2010940505             - 
    297   2246        0     0       tick    2931376211    2010878548    2931376211 
    298   2246        0     1       tick    2893293899    1994936177             - 
    299   2246        0     0       tick    2967203466    2002991455    2967203466 
    300   2246        0     1       tick    3008798740    2010722144             - 
    301   2246        0     0       tick    3005431697    2010704242    3005431697 
    302   2246        0     1       tick    2989557880    2011175654             - 
    303   2246        0     0       tick    2958101444    2010961708    2958101444 
    304   2246        0     1       tick    2904516633    1995043111             - 
    305   2246        0     0       tick    2996482070    2011165449    2996482070 
    306   2246        0     1       tick    3002863204    2010949895             - 
    307   2246        0     0       tick    1948396536    2006667065    1948396536 
    308   2246        0     1       tick     681477393    1981144686             - 
    309   2246        0     0       tick    1121519988    1991816903    1121519988 
    310   2246        0     1       tick    1170949362    1986546839             - 
    311   2246        0     0       tick    1142263620    2002745601    1142263620 
    312   2246        0     1       tick    1525874469    2002122742             - 
    313   2246        0     0       tick    2994298725    2010634958    2994298725 
    314   2246        0     1       tick    2922666617    2011006245             - 
    315   2246        0     0       tick    2905561227    2010557770    2905561227 
    316   2246        0     1       tick    2983459914    2010391519             - 
    317   2246        0     0       tick    3004326512    2010957946    3004326512 
    318   2246        0     1       tick    2988413126    2010457896             - 
    319   2246        0     0       tick    2941759337    2002724936    2941759337 
    320   2246        0     1       tick    2875468104    2011071788             - 
    321   2246        0     0       tick    2977635818    2011003674    2977635818 
    322   2246        0     1       tick    3001973010    2011037105             - 
    323   2246        0     0       tick    3007892295    2009969387    3007892295 
    324   2246        0     1       tick    2977892058    2010813050             - 
    325   2246        0     0       tick    2880725503    2010809766    2880725503 
    326   2246        0     1       tick    2958797655    2010911703             - 
    327   2246        0     0       tick    3006266639    2011027969    3006266639 
    328   2246        0     1       tick    2235040099    2008014588             - 
    329   2246        0     0       tick     662182099    1998296102     662182099 
    330   2246        0     1       tick    1075999320    1956924429             - 
    331   2246        0     0       tick    1142091141    2002608906    1142091141 
    332   2246        0     1       tick    1179400360    2002715769             - 
    333   2246        0     0       tick    1142670831    2002670700    1142670831 
    334   2246        0     1       tick    2356508803    2006072057             - 
    335   2246        0     0       tick    2950399064    2010869345    2950399064 
    336   2246        0     1       tick    2853197103    2010877849             - 
    337   2246        0     0       tick    2990027097    2010832434    2990027097 
    338   2246        0     1       tick    2992731309    2010266197             - 
    339   2246        0     0       tick    2942104623    2010796475    2942104623 
    340   2246        0     1       tick    2840102886    2010831381             - 
    341   2246        0     0       tick    2979940987    2011136186    2979940987 
    342   2246        0     1       tick    3001029229    2011121416             - 
    343   2246        0     0       tick    2970592774    2010382404    2970592774 
    344   2246        0     1       tick    2833294539    2010330694             - 
    345   2246        0     0       tick    2952128603    2010741368    2952128603 
    346   2246        0     1       tick    2998616113    2010717518             - 
    347   2246        0     0       tick     959447194    1980142499     959447194 
    348   2246        0     1       tick     879369093    1971186936             - 
    349   2246        0     0       tick    1157447754    2002683792    1157447754 
    350   2246        0     1       tick    1155886027    2002706550             - 
    351   2246        0     0       tick    1165316907    2002174841    1165316907 
    352   2246        0     1       tick    1439148786    2002055391             - 
    353   2246        0     0       tick    2959341840    2011021308    2959341840 
    354   2246        0     1       tick    2799558964    2010465419             - 
    355   2246        0     0       tick    2998628787    2011175694    2998628787 
    356   2246        0     1       tick    2984525813    2011290445             - 
    357   2246        0     0       tick    2755726296    1994389686    2755726296 
    358   2246        0     1       tick    2975855981    2010800417             - 
    359   2246        0     0       tick    2969035360    1994805460    2969035360 
    360   2246        0     1       tick    2849712475    2002291485             - 
    361   2246        0     0       tick    2880482011    2010573662    2880482011 
    362   2246        0     1       tick    3019260512    2011213067             - 
    363   2246        0     0       tick     751118086    2001602684     751118086 
    364   2246        0     1       tick     944205627    1971664011             - 
    365   2246        0     0       tick    1138438223    2002701853    1138438223 
    366   2246        0     1       tick    1181996278    2002748073             - 
    367   2246        0     0       tick    1156132302    1996549848    1156132302 
    368   2246        0     1       tick    2362486186    1990435090             - 
    369   2246        0     0       tick    2719040758    1994010337    2719040758 
    370   2246        0     1       tick    2947087803    1994585526             - 
    371   2246        0     0       tick    2743206472    2010156527    2743206472 
    372   2246        0     1       tick    2961553666    2011116082             - 
    373   2246        0     0       tick    2957381732    2010878854    2957381732 
    374   2246        0     1       tick    2731330041    2009347729             - 
    375   2246        0     0       tick    2548408526    2008670295    2548408526 
    376   2246        0     1       tick     631875180    1997811053             - 
    377   2246        0     0       tick    1018976162    1958728398    1018976162 
    378   2246        0     1       tick    1134290479    1985451675             - 
    379   2246        0     0       tick    1156850595    2002198754    1156850595 
    380   2246        0     1       tick    1178446874    2002578756             - 
    381   2246        0     0       tick    2021315730    2004477462    2021315730 
    382   2246        0     1       tick    2719270928    2010307175             - 
    383   2246        0     0       tick    2861143349    1994493143    2861143349 
    384   2246        0     1       tick    2777689806    2010537818             - 
    385   2246        0     0       tick    2729821764    2010161862    2729821764 
    386   2246        0     1       tick    2930836767    2011196467             - 
    387   2246        0     0       tick     678815738    1985061269     678815738 
    388   2246        0     1       tick     952988296    1971676873             - 
    389   2246        0     0       tick    1138490044    2002679478    1138490044 
    390   2246        0     1       tick    1170381466    1986575698             - 
    391   2246        0     0       tick    1157942645    2001569031    1157942645 
    392   2246        0     1       tick    2130913726    2004395241             - 
    393   2246        0     0       tick    2875077001    1992498618    2875077001 
    394   2246        0     1       tick    2682301855    2010169948             - 
    395   2246        0     0       tick    2658343633    2009290151    2658343633 
    396   2246        0     1       tick    1501933119    2003952427             - 
    397   2246        0     0       tick     753498436    1975688951     753498436 
    398   2246        0     1       tick    1158961990    1990925126             - 
    399   2246        0     0       tick    1134547531    1986399332    1134547531 
    400   2246        0     1       tick    1156179609    2002414242             - 
    401   2246        0     0       tick    1165167453    1999900880    1165167453 
    402   2246        0     1       tick    2486632156    1993047234             - 
    403   2246        0     0       tick    2630610751    2009598633    2630610751 
    404   2246        0     1       tick    2456362955    1991101649             - 
    405   2246        0     0       tick     600691818    1998395886     600691818 
    406   2246        0     1       tick     965853573    1973372958             - 
    407   2246        0     0       tick    1181546468    2002402134    1181546468 
    408   2246        0     1       tick    1157522923    2002074519             - 
    409   2246        0     0       tick    1139906475    2002273117    1139906475 
    410   2246        0     1       tick    2170347949    1989938858             - 
    411   2246        0     0       tick    2397880506    2008210098    2397880506 
    412   2246        0     1       tick     691733554    1985276260             - 
    413   2246        0     0       tick     948130890    1971032119     948130890 
    414   2246        0     1       tick    1137738096    2001645103             - 
    415   2246        0     0       tick    1181843677    2002535280    1181843677 
    416   2246        0     1       tick    1159557513    2002720991             - 
    417   2246        0     0       tick    1344500671    2001094795    1344500671 
    418   2246        0     1       tick    2217594454    2006892434             - 
    419   2246        0     0       tick     867404848    2002506611     867404848 
    420   2246        0     1       tick     896895205    1970951898             - 
    421   2246        0     0       tick    1156811414    2002523753    1156811414 
    422   2246        0     1       tick    1169019721    1980552032             - 
    423   2246        0     0       tick    1130376507    1978783134    1130376507 
    424   2246        0     1       tick    1236297838    2000998283             - 
    425   2246        0     0       tick    1651870736    2004998773    1651870736 
    426   2246        0     1       tick     632107049    1998241797             - 
    427   2246        0     0       tick    1034515805    1973843456    1034515805 
    428   2246        0     1       tick    1158389798    2002430574             - 
    429   2246        0     0       tick    1135966699    1993444511    1135966699 
    430   2246        0     1       tick    1177780503    2002631018             - 
    431   2246        0     0       tick    1355500072    1979282495    1355500072 
    432   2246        0     1       tick     910053020    2002101795             - 
    433   2246        0     0       tick     808244439    1954909261     808244439 
    434   2246        0     1       tick    1142821865    2002898551             - 
    435   2246        0     0       tick    1158643203    2002638741    1158643203 
    436   2246        0     1       tick    1152581134    2002748787             - 
    437   2246        0     0       tick    1175575704    2000721782    1175575704 
    438   2246        0     1       tick    1228232040    2002833418             - 
    439   2246        0     0       tick     650802388    1997992540     650802388 
    440   2246        0     1       tick    1052473005    1958758433             - 
    441   2246        0     0       tick    1155805193    2002375682    1155805193 
    442   2246        0     1       tick    1180091779    2002809028             - 
    443   2246        0     0       tick    1143754877    2002615483    1143754877 
    444   2246        0     1       tick    1282125609    2000788741             - 
    445   2246        0     0       tick     635571927    1985004014     635571927 
    446   2246        0     1       tick     941911998    1971266078             - 
    447   2246        0     0       tick    1137159753    2002357556    1137159753 
    448   2246        0     1       tick    1182616319    2002547947             - 
    449   2246        0     0       tick    1146953171    1986588945    1146953171 
    450   2246        0     1       tick    1188998999    1999919736             - 
    451   2246        0     0       tick     869194819    2001093105     869194819 
    452   2246        0     1       tick     745576931    1976259052             - 
    453   2246        0     0       tick    1164145480    1996314034    1164145480 
    454   2246        0     1       tick    1142796967    2002505104             - 
    455   2246        0     0       tick    1157062485    2002496697    1157062485 
    456   2246        0     1       tick    1164621217    2000054414             - 
    457   2246        0     0       tick    1033152883    2001990617    1033152883 
    458   2246        0     1       tick     653506317    1998392025             - 
    459   2246        0     0       tick    1067155370    1974967876    1067155370 
    460   2246        0     1       tick    1147247713    1989941887             - 
    461   2246        0     0       tick    1171439771    1986255994    1171439771 
    462   2246        0     1       tick    1141657925    2002780681             - 
    463   2246        0     0       tick    1186193347    1999635433    1186193347 
    464   2246        0     1       tick     560707243    2000919452             - 
    465   2246        0     0       tick     979786843    1970939272     979786843 
    466   2246        0     1       tick    1170592177    1986704152             - 
    467   2246        0     0       tick    1142633801    2002594753    1142633801 
    468   2246        0     1       tick    1157989167    2002585570             - 
    469   2246        0     0       tick    1171699442    1999926258    1171699442 
    470   2246        0     1       tick     741883004    2000767657             - 
    471   2246        0     0       tick     820048332    1954717297     820048332 
    472   2246        0     1       tick    1142540248    2002222439             - 
    473   2246        0     0       tick    1157050527    2002308048    1157050527 
    474   2246        0     1       tick    1178344787    2002653605             - 
    475   2246        0     0       tick    1137266150    2000481736    1137266150 
    476   2246        0     1       tick     931767502    2001003917             - 
    477   2246        0     0       tick     675945111    1979418992     675945111 
    478   2246        0     1       tick    1116986077    1987655391             - 
    479   2246        0     0       tick    1179072664    2002533055    1179072664 
    480   2246        0     1       tick    1142643694    2002856329             - 
    481   2246        0     0       tick    1157204248    2002556708    1157204248 
    482   2246        0     1       tick    1098162533    1999499022             - 
    483   2246        0     0       tick     629040843    1997917643     629040843 
    484   2246        0     1       tick    1016481504    1974760006             - 
    485   2246        0     0       tick    1142723535    2002363571    1142723535 
    486   2246        0     1       tick    1156363142    2002192972             - 
    487   2246        0     0       tick    1178865152    2002523492    1178865152 
    488   2246        0     1       tick    1162986950    1999992954             - 
    489   2246        0     0       tick     645335957    2000725620     645335957 
    490   2246        0     1       tick     905837135    1971456664             - 
    491   2246        0     0       tick    1149977477    2002157180    1149977477 
    492   2246        0     1       tick    1179321559    2002730074             - 
    493   2246        0     0       tick    1141748478    2002252005    1141748478 
    494   2246        0     1       tick    1165802478    2000193977             - 
    495   2246        0     0       tick     827218296    1999184630     827218296 
    496   2246        0     1       tick     741684616    1976135080             - 
    497   2246        0     0       tick    1156304615    1980962668    1156304615 
    498   2246        0     1       tick    1142614787    2002548984             - 
    499   2246        0     0       tick    1156848259    2002604776    1156848259 
    500   2246        0     1       tick    1163728637    1982624901             - 
    501   2246        0     0       tick     740221803    2000785248     740221803 
    502   2246        0     1       tick     827974324    1969895542             - 
    503   2246        0     0       tick    1141950372    2002069632    1141950372 
    504   2246        0     1       tick    1155662124    2002643133             - 
    505   2246        0     0       tick    1179867056    2001350647    1179867056 
    506   2246        0     1       tick    1137043235    2000698991             - 
    507   2246        0     0       tick     927236635    2001059520     927236635 
    508   2246        0     1       tick     676783872    1981862845             - 
    509   2246        0     0       tick    1120181854    1991424166    1120181854 
    510   2246        0     1       tick    1170592996    1985704377             - 
    511   2246        0     0       tick    1142825761    2002547197    1142825761 
    512   2246        0     1       tick    1163419902    2000639178             - 
    513   2246        0     0       tick     829324042    1992945423     829324042 
    514   2246        0     1       tick     736075705    1976176019             - 
    515   2246        0     0       tick    1165174483    1997312705    1165174483 
    516   2246        0     1       tick    1142198608    2002822062             - 
    517   2246        0     0       tick    1157251470    2002572082    1157251470 
    518   2246        0     1       tick    1175475655    2000578161             - 
    519   2246        0     0       tick     733300914    1984286673     733300914 
    520   2246        0     1       tick     826936553    1970781800             - 
    521   2246        0     0       tick    1134387964    1986585207    1134387964 
    522   2246        0     1       tick    1156140896    2002826144             - 
    523   2246        0     0       tick    1176545506    2001836839    1176545506 
    524   2246        0     1       tick    1150048233    1980611672             - 
    525   2246        0     0       tick     653031006    1984268594     653031006 
    526   2246        0     1       tick     885538418    1971427236             - 
    527   2246        0     0       tick    1156925483    2002565458    1156925483 
    528   2246        0     1       tick    1176694199    2002627732             - 
    529   2246        0     0       tick    1145419964    2002562073    1145419964 
    530   2246        0     1       tick    1172261573    1984355108             - 
    531   2246        0     0       tick     571744394    2001035221     571744394 
    532   2246        0     1       tick     965620603    1970705573             - 
    533   2246        0     0       tick    1179066201    2002700890    1179066201 
    534   2246        0     1       tick    1134277033    1986124267             - 
    535   2246        0     0       tick    1158158902    2002310926    1158158902 
    536   2246        0     1       tick    1108723955    1998973354             - 
    537   2246        0     0       tick     625835247    1996801162     625835247 
    538   2246        0     1       tick     994238976    1958601713             - 
    539   2246        0     0       tick    1142909774    2002472857    1142909774 
    540   2246        0     1       tick    1158550868    2002277460             - 
    541   2246        0     0       tick    1139249500    2001851196    1139249500 
    542   2246        0     1       tick    1042653658    1989980489             - 
    543   2246        0     0       tick     641201532    1997409212     641201532 
    544   2246        0     1       tick    1044844367    1958998742             - 
    545   2246        0     0       tick    1151127135    1986611197    1151127135 
    546   2246        0     1       tick    1126395250    1980742562             - 
    547   2246        0     0       tick    1165693426    2000512031    1165693426 
    548   2246        0     1       tick     967144198    2001685485             - 
    549   2246        0     0       tick     667025599    1989728266     667025599 
    550   2246        0     1       tick    1097605962    1974619322             - 
    551   2246        0     0       tick    1138157441    2002565884    1138157441 
    552   2246        0     1       tick    1181596107    2001575722             - 
    553   2246        0     0       tick    1152365559    2000132643    1152365559 
    554   2246        0     1       tick     871751325    2001104918             - 
    555   2246        0     0       tick     709994191    1975102443     709994191 
    556   2246        0     1       tick    1121982004    1981459973             - 
    557   2246        0     0       tick    1175561724    2002583280    1175561724 
    558   2246        0     1       tick    1157439776    2002635569             - 
    559   2246        0     0       tick    1162407507    2000425346    1162407507 
    560   2246        0     1       tick     780666979    2001067343             - 
    561   2246        0     0       tick     784179118    1970212185     784179118 
    562   2246        0     1       tick    1156754530    2002022346             - 
    563   2246        0     0       tick    1157935983    2002668882    1157935983 
    564   2246        0     1       tick    1129824682    1986819836             - 
    565   2246        0     0       tick    1189239300    2000391026    1189239300 
    566   2246        0     1       tick     687218512    2000849917             - 
    567   2246        0     0       tick     857582922    1954130471     857582922 
    568   2246        0     1       tick    1157646853    2002712380             - 
    569   2246        0     0       tick    1139050300    2002682549    1139050300 
    570   2246        0     1       tick    1158112026    1985229102             - 
    571   2246        0     0       tick     970448213    2001962517     970448213 
    572   2246        0     1       tick     662374150    1981445427             - 
    573   2246        0     0       tick    1092974109    1974786069    1092974109 
    574   2246        0     1       tick    1138855107    2002589601             - 
    575   2246        0     0       tick    1182338411    2002626261    1182338411 
    576   2246        0     1       tick    1149678283    2000688797             - 
    577   2246        0     0       tick     877919733    2000922849     877919733 
    578   2246        0     1       tick     699570329    1975254125             - 
    579   2246        0     0       tick    1123565980    1997240669    1123565980 
    580   2246        0     1       tick    1182194934    2002556105             - 
    581   2246        0     0       tick    1158079622    2002610744    1158079622 
    582   2246        0     1       tick    1127221069    1999621739             - 
    583   2246        0     0       tick     620261171    1998160679     620261171 
    584   2246        0     1       tick     968844325    1974800335             - 
    585   2246        0     0       tick    1157835032    1986545553    1157835032 
    586   2246        0     1       tick    1158874007    2002861467             - 
    587   2246        0     0       tick    1139082969    2002626447    1139082969 
    588   2246        0     1       tick    1057018370    1981329847             - 
    589   2246        0     0       tick     632842484    1998217107     632842484 
    590   2246        0     1       tick    1044651424    1974380485             - 
    591   2246        0     0       tick    1157755104    2002286424    1157755104 
    592   2246        0     1       tick    1139096832    2002734810             - 
    593   2246        0     0       tick    1165778660    2000485234    1165778660 
    594   2246        0     1       tick     970686356    2001267671             - 
    595   2246        0     0       tick     668476846    1997194147     668476846 
    596   2246        0     1       tick    1095766391    1973715206             - 
    597   2246        0     0       tick    1130184968    1986252643    1130184968 
    598   2246        0     1       tick    1182080416    2002722331             - 
    599   2246        0     0       tick    1150824327    2000314320    1150824327 
    600   2246        0     1       tick     879589300    2001197028             - 
    601   2246        0     0       tick     705063104    1975851864     705063104 
    602   2246        0     1       tick    1126533417    1997093617             - 
    603   2246        0     0       tick    1176634193    2001716150    1176634193 
    604   2246        0     1       tick    1159445002    2002410074             - 
    605   2246        0     0       tick    1151373935    1983761279    1151373935 
    606   2246        0     1       tick     788094638    2001022519             - 
    607   2246        0     0       tick     771312264    1976254806     771312264 
    608   2246        0     1       tick    1164064037    1997047171             - 
    609   2246        0     0       tick    1158883131    2002641349    1158883131 
    610   2246        0     1       tick    1137601387    2001690000             - 
    611   2246        0     0       tick    1189215669    2000523785    1189215669 
    612   2246        0     1       tick     689870324    2000738639             - 
    613   2246        0     0       tick     865244301    1970645909     865244301 
    614   2246        0     1       tick    1149439084    1986735036             - 
    615   2246        0     0       tick    1137119262    2002546442    1137119262 
    616   2246        0     1       tick    1182033793    2001530353             - 
    617   2246        0     0       tick    1150020754    2000209654    1150020754 
    618   2246        0     1       tick     884072719    2001155007             - 
    619   2246        0     0       tick     702411590    1976121129     702411590 
    620   2246        0     1       tick    1123160981    1996705849             - 
    621   2246        0     0       tick    1173115564    1985886631    1173115564 
    622   2246        0     1       tick    1158216639    2002655566             - 
    623   2246        0     0       tick    1141978803    2002552971    1141978803 
    624   2246        0     1       tick    1182171808    2000443339             - 
    625   2246        0     0       tick     706503284    2001177010     706503284 
    626   2246        0     1       tick     853267182    1970462259             - 
    627   2246        0     0       tick    1157602424    2002039751    1157602424 
    628   2246        0     1       tick    1137904242    2002128657             - 
    629   2246        0     0       tick    1180934131    2002095996    1180934131 
    630   2246        0     1       tick    1136337612    1984315631             - 
    631   2246        0     0       tick     901754505    2001045634     901754505 
    632   2246        0     1       tick     683357107    1960390800             - 
    633   2246        0     0       tick    1121923923    1997062656    1121923923 
    634   2246        0     1       tick    1179782708    2002679445             - 
    635   2246        0     0       tick    1143654629    2002561099    1143654629 
    636   2246        0     1       tick    1159981143    1983766680             - 
    637   2246        0     0       tick     814666258    2001164104     814666258 
    638   2246        0     1       tick     743092821    1960396458             - 
    639   2246        0     0       tick    1163352931    1997320313    1163352931 
    640   2246        0     1       tick    1143912691    2002700760             - 
    641   2246        0     0       tick    1156723833    2002617378    1156723833 
    642   2246        0     1       tick    1176107502    2000052306             - 
    643   2246        0     0       tick     724534254    2000351057     724534254 
    644   2246        0     1       tick     830508212    1955239028             - 
    645   2246        0     0       tick    1149653150    2002398574    1149653150 
    646   2246        0     1       tick    1150088604    2002632382             - 
    647   2246        0     0       tick    1171537133    1986392504    1171537133 
    648   2246        0     1       tick    1137913587    2000562174             - 
    649   2246        0     0       tick     923072509    2001142545     923072509 
    650   2246        0     1       tick     677154985    1979835785             - 
    651   2246        0     0       tick    1111335436    1970722079    1111335436 
    652   2246        0     1       tick    1179123654    2002537318             - 
    653   2246        0     0       tick    1142603641    2002774386    1142603641 
    654   2246        0     1       tick    1157240779    2002295176             - 
    655   2246        0     0       tick    1096415223    1983822258    1096415223 
    656   2246        0     1       tick     627882498    1997886364             - 
    657   2246        0     0       tick    1005566628    1964700882    1005566628 
    658   2246        0     1       tick    1142301125    2002621557             - 
    659   2246        0     0       tick    1158237284    2002429405    1158237284 
    660   2246        0     1       tick    1162108954    2000245749             - 
    661   2246        0     0       tick    1014356310    2001576321    1014356310 
    662   2246        0     1       tick     647991463    1998382023             - 
    663   2246        0     0       tick    1053271520    1963281505    1053271520 
    664   2246        0     1       tick    1156279402    2002403525             - 
    665   2246        0     0       tick    1159568123    1986712751    1159568123 
    666   2246        0     1       tick    1139505101    1992493097             - 
    667   2246        0     0       tick     947177379    2001081712     947177379 
    668   2246        0     1       tick     676922736    1994353811             - 
    669   2246        0     0       tick    1104922471    1977325111    1104922471 
    670   2246        0     1       tick    1178175603    2002458951             - 
    671   2246        0     0       tick    1144684234    2002634781    1144684234 
    672   2246        0     1       tick    1158294376    2002474591             - 
    673   2246        0     0       tick    1111005608    1999826453    1111005608 
    674   2246        0     1       tick     626292966    1997082609             - 
    675   2246        0     0       tick     998259925    1964874759     998259925 
    676   2246        0     1       tick    1142091627    2002703212             - 
    677   2246        0     0       tick    1159855123    2002694418    1159855123 
    678   2246        0     1       tick    1141712695    2001484242             - 
    679   2246        0     0       tick    1159197376    1991911713    1159197376 
    680   2246        0     1       tick     958850556    2000879239             - 
    681   2246        0     0       tick     674588590    1998396499     674588590 
    682   2246        0     1       tick    1093333539    1958565218             - 
    683   2246        0     0       tick    1131166959    1986785862    1131166959 
    684   2246        0     1       tick    1176765125    1995166531             - 
    685   2246        0     0       tick    1157635269    2002705203    1157635269 
    686   2246        0     1       tick    1129806289    1997511533             - 
    687   2246        0     0       tick     614989908    1997251616     614989908 
    688   2246        0     1       tick     966699953    1974210295             - 
    689   2246        0     0       tick    1171105122    2002552352    1171105122 
    690   2246        0     1       tick    1158652185    2002723527             - 
    691   2246        0     0       tick    1137735135    2002071413    1137735135 
    692   2246        0     1       tick    1188662754    2000128346             - 
    693   2246        0     0       tick     686730878    1978775554     686730878 
    694   2246        0     1       tick     858159875    1971326128             - 
    695   2246        0     0       tick    1157475970    2002744920    1157475970 
    696   2246        0     1       tick    1138606223    2002941227             - 
    697   2246        0     0       tick    1182312914    2002578996    1182312914 
    698   2246        0     1       tick    1149499819    1992664946             - 
    699   2246        0     0       tick    1139926494    1983655541    1139926494 
    700   2246        0     1       tick     585565355    1999959974             - 
    701   2246        0     0       tick     966351900    1964834802     966351900 
    702   2246        0     1       tick    1181100476    2001363617             - 
    703   2246        0     0       tick    1157863171    2001797268    1157863171 
    704   2246        0     1       tick    1142176529    2001941704             - 
    705   2246        0     0       tick    1163535560    1999959261    1163535560 
    706   2246        0     1       tick     992784263    2002098508             - 
    707   2246        0     0       tick     658604165    1998300363     658604165 
    708   2246        0     1       tick    1085617811    1975104784             - 
    709   2246        0     0       tick    1141824515    2002489341    1141824515 
    710   2246        0     1       tick    1179222536    2002720338             - 
    711   2246        0     0       tick    1142594097    2002608828    1142594097 
    712   2246        0     1       tick    1170313513    2000563345             - 
    713   2246        0     0       tick     812122137    1984258210     812122137 
    714   2246        0     1       tick     746691666    1976568639             - 
    715   2246        0     0       tick    1159742629    1988977609    1159742629 
    716   2246        0     1       tick    1134324127    1986505846             - 
    717   2246        0     0       tick    1156876136    2002480094    1156876136 
    718   2246        0     1       tick    1178927273    2002665293             - 
    719   2246        0     0       tick    1161496627    2000105512    1161496627 
    720   2246        0     1       tick     647461504    2000914113             - 
    721   2246        0     0       tick     898322365    1971059991     898322365 
    722   2246        0     1       tick    1156001937    2002242956             - 
    723   2246        0     0       tick    1178748154    2002349978    1178748154 
    724   2246        0     1       tick    1142667354    2002660649             - 
    725   2246        0     0       tick    1176847911    1999859898    1176847911 
    726   2246        0     1       tick     560479298    2000971441             - 
    727   2246        0     0       tick     983021130    1971780147     983021130 
    728   2246        0     1       tick    1178458028    2002868729             - 
    729   2246        0     0       tick    1142506373    2002602288    1142506373 
    730   2246        0     1       tick    1156701518    2002476835             - 
    731   2246        0     0       tick    1095205927    1998943666    1095205927 
    732   2246        0     1       tick     629025308    1998225757             - 
    733   2246        0     0       tick    1009663000    1951219560    1009663000 
    734   2246        0     1       tick    1142771194    2002791369             - 
    735   2246        0     0       tick    1157101573    2002673897    1157101573 
    736   2246        0     1       tick    1163418662    1999943346             - 
    737   2246        0     0       tick    1001532465    1985983380    1001532465 
    738   2246        0     1       tick     643752738    1982356148             - 
    739   2246        0     0       tick    1051603357    1958371067    1051603357 
    740   2246        0     1       tick    1156507710    2002690889             - 
    741   2246        0     0       tick    1177568350    2002679238    1177568350 
    742   2246        0     1       tick    1137977102    2000686380             - 
    743   2246        0     0       tick     938235179    2000918390     938235179 
    744   2246        0     1       tick     677417610    1988399264             - 
    745   2246        0     0       tick    1113558493    1984862445    1113558493 
    746   2246        0     1       tick    1177572751    2002453003             - 
    747   2246        0     0       tick    1141901040    2002577070    1141901040 
    748   2246        0     1       tick    1164253973    2000404120             - 
    749   2246        0     0       tick     838744016    2001156873     838744016 
    750   2246        0     1       tick     734455695    1976409229             - 
    751   2246        0     0       tick    1164591759    1997327993    1164591759 
    752   2246        0     1       tick    1142138136    2002861759             - 
    753   2246        0     0       tick    1157245681    2002530133    1157245681 
    754   2246        0     1       tick    1175249667    2000338452             - 
    755   2246        0     0       tick     742044886    2000821116     742044886 
    756   2246        0     1       tick     828371248    1971356418             - 
    757   2246        0     0       tick    1142934810    2002727065    1142934810 
    758   2246        0     1       tick    1156497974    2002872673             - 
    759   2246        0     0       tick    1180231447    2002542679    1180231447 
    760   2246        0     1       tick    1163679678    2000245347             - 
    761   2246        0     0       tick     638558595    1982785582     638558595 
    762   2246        0     1       tick     896037548    1971588842             - 
    763   2246        0     0       tick    1148415639    1986722151    1148415639 
    764   2246        0     1       tick    1179751377    2002576563             - 
    765   2246        0     0       tick    1134763922    1986784770    1134763922 
    766   2246        0     1       tick    1185239626    1999586439             - 
    767   2246        0     0       tick     562744327    2001009806     562744327 
    768   2246        0     1       tick     961786496    1947195670             - 
    769   2246        0     0       tick    1180255487    2002624686    1180255487 
    770   2246        0     1       tick    1141239267    2002593419             - 
    771   2246        0     0       tick    1159687122    2001848571    1159687122 
    772   2246        0     1       tick    1104363186    1983517465             - 
    773   2246        0     0       tick     627025387    1997715837     627025387 
    774   2246        0     1       tick    1005268574    1974803932             - 
    775   2246        0     0       tick    1133955204    1986562033    1133955204 
    776   2246        0     1       tick    1150591385    1986827454             - 
    777   2246        0     0       tick    1138115855    2002701570    1138115855 
    778   2246        0     1       tick    1053198537    1999532923             - 
    779   2246        0     0       tick     642518619    1997980912     642518619 
    780   2246        0     1       tick    1052851165    1972689217             - 
    781   2246        0     0       tick    1157900366    2002708124    1157900366 
    782   2246        0     1       tick    1155018824    2002753143             - 
    783   2246        0     0       tick    1156140773    1999740890    1156140773 
    784   2246        0     1       tick     948356750    1982592788             - 
    785   2246        0     0       tick     676277648    1998416254     676277648 
    786   2246        0     1       tick    1087979312    1959041397             - 
    787   2246        0     0       tick    1132817517    2002648225    1132817517 
    788   2246        0     1       tick    1174669634    2002794202             - 
    789   2246        0     0       tick    1145856948    2000580510    1145856948 
    790   2246        0     1       tick     879936252    2001315228             - 
    791   2246        0     0       tick     708368011    1976049256     708368011 
    792   2246        0     1       tick    1119278677    1997297592             - 
    793   2246        0     0       tick    1172989845    2002784117    1172989845 
    794   2246        0     1       tick    1147590710    2002815497             - 
    795   2246        0     0       tick    1157530894    1999794616    1157530894 
    796   2246        0     1       tick     795852184    2001075714             - 
    797   2246        0     0       tick     759309599    1959900185     759309599 
    798   2246        0     1       tick    1158502173    1997283650             - 
    799   2246        0     0       tick    1148231114    2002734839    1148231114 
    800   2246        0     1       tick    1134987221    2002989443             - 
    801   2246        0     0       tick    1174601544    1991778706    1174601544 
    802   2246        0     1       tick     718020174    1992949169             - 
    803   2246        0     0       tick     833475088    1952079804     833475088 
    804   2246        0     1       tick    1134195690    2002817682             - 
    805   2246        0     0       tick    1148608341    2002766070    1148608341 
    806   2246        0     1       tick    1171414489    2001664508             - 
    807   2246        0     0       tick    1161692806    1999810464    1161692806 
    808   2246        0     1       tick     648020959    2001140733             - 
    809   2246        0     0       tick     893905057    1970250239     893905057 
    810   2246        0     1       tick    1150340141    2002644253             - 
    811   2246        0     0       tick    1153891967    1975890606    1153891967 
    812   2246        0     1       tick    1139572407    2001462826             - 
    813   2246        0     0       tick    1182225631    1999515459    1182225631 
    814   2246        0     1       tick     574271100    2001132166             - 
    815   2246        0     0       tick     962332435    1971226041     962332435 
    816   2246        0     1       tick    1157665777    1993598054             - 
    817   2246        0     0       tick    1145258606    2002765513    1145258606 
    818   2246        0     1       tick    1141319415    1986577436             - 
    819   2246        0     0       tick    1124494437    1983630719    1124494437 
    820   2246        0     1       tick     611908066    1990451039             - 
    821   2246        0     0       tick     955422976    1973497216     955422976 
    822   2246        0     1       tick    1172941882    2002621287             - 
    823   2246        0     0       tick    1148554027    2002342862    1148554027 
    824   2246        0     1       tick    1134703946    2002290856             - 
    825   2246        0     0       tick    1076645011    1999079112    1076645011 
    826   2246        0     1       tick     631103195    1998433264             - 
    827   2246        0     0       tick    1034871921    1973910335    1034871921 
    828   2246        0     1       tick    1148324881    2002666582             - 
    829   2246        0     0       tick    1135087285    2002313987    1135087285 
    830   2246        0     1       tick    1152975369    1991424354             - 
    831   2246        0     0       tick     995033002    1987538978     995033002 
    832   2246        0     1       tick     656448364    1998442850             - 
    833   2246        0     0       tick    1071942656    1974414015    1071942656 
    834   2246        0     1       tick    1138780825    2002779559             - 
    835   2246        0     0       tick    1173473082    2002538511    1173473082 
    836   2246        0     1       tick    1131093859    2000130660             - 
    837   2246        0     0       tick     930996133    2000824852     930996133 
    838   2246        0     1       tick     677356602    1982157111             - 
    839   2246        0     0       tick    1103592244    1975019658    1103592244 
    840   2246        0     1       tick    1173145073    2002859277             - 
    841   2246        0     0       tick    1135018323    2002695837    1135018323 
    842   2246        0     1       tick    1153420259    1999892038             - 
    843   2246        0     0       tick     853476208    2000980735     853476208 
    844   2246        0     1       tick     726055973    1976339627             - 
    845   2246        0     0       tick    1155936591    1997115288    1155936591 
    846   2246        0     1       tick    1134961512    2002803582             - 
    847   2246        0     0       tick    1149610450    2002802057    1149610450 
    848   2246        0     1       tick    1148681879    1983337764             - 
    849   2246        0     0       tick     780903845    2000961369     780903845 
    850   2246        0     1       tick     788231118    1971041458             - 
    851   2246        0     0       tick    1145626196    2002591394    1145626196 
    852   2246        0     1       tick    1149873201    2002521326             - 
    853   2246        0     0       tick    1133273763    2002731671    1133273763 
    854   2246        0     1       tick    1185031472    1999997518             - 
    855   2246        0     0       tick     700735659    1999536410     700735659 
    856   2246        0     1       tick     857069593    1971055410             - 
    857   2246        0     0       tick    1149487700    2002805476    1149487700 
    858   2246        0     1       tick    1131530676    2002642285             - 
    859   2246        0     0       tick    1175659355    2002703274    1175659355 
    860   2246        0     1       tick    1150686305    1977690420             - 
    861   2246        0     0       tick     628649301    2000998367     628649301 
    862   2246        0     1       tick     924107541    1971576957             - 
    863   2246        0     0       tick    1135125121    2002839216    1135125121 
    864   2246        0     1       tick    1173694286    2002854676             - 
    865   2246        0     0       tick    1134154426    2002764103    1134154426 
    866   2246        0     1       tick    1174720367    1998486596             - 
    867   2246        0     0       tick     557792156    1992659682     557792156 
    868   2246        0     1       tick     977956847    1970602801             - 
    869   2246        0     0       tick    1172953924    2002461257    1172953924 
    870   2246        0     1       tick    1125649388    1986745613             - 
    871   2246        0     0       tick    1150704657    2002485463    1150704657 
    872   2246        0     1       tick    1109213443    1998565891             - 
    873   2246        0     0       tick     627145286    1997698845     627145286 
    874   2246        0     1       tick    1002306779    1974730735             - 
    875   2246        0     0       tick    1133538468    2002533129    1133538468 
    876   2246        0     1       tick    1151117635    2002726130             - 
    877   2246        0     0       tick    1158725859    1992117287    1158725859 
    878   2246        0     1       tick     768197463    2000163571             - 
    879   2246        0     0       tick     805553679    1970616817     805553679 
    880   2246        0     1       tick    1134894796    2002691428             - 
    881   2246        0     0       tick    1148665030    2002001232    1148665030 
    882   2246        0     1       tick    1131950518    2002331549             - 
    883   2246        0     0       tick    1061155243    1999328911    1061155243 
    884   2246        0     1       tick     636923923    1998381936             - 
    885   2246        0     0       tick    1042212394    1974774837    1042212394 
    886   2246        0     1       tick    1142440779    1986774016             - 
    887   2246        0     0       tick    1131368844    2002745237    1131368844 
    888   2246        0     1       tick    1175080974    1984052419             - 
    889   2246        0     0       tick     705855017    2000429582     705855017 
    890   2246        0     1       tick     843104188    1951874959             - 
    891   2246        0     0       tick    1139573788    1985753475    1139573788 
    892   2246        0     1       tick    1135333314    2002752857             - 
    893   2246        0     0       tick    1156850760    1999594910    1156850760 
    894   2246        0     1       tick     997067038    2001989886             - 
    895   2246        0     0       tick     656341231    1998273668     656341231 
    896   2246        0     1       tick    1071199152    1974312696             - 
    897   2246        0     0       tick    1129333862    1985839769    1129333862 
    898   2246        0     1       tick    1173357957    2002645521             - 
    899   2246        0     0       tick    1158035763    1999819128    1158035763 
    900   2246        0     1       tick     648651162    2000846983             - 
    901   2246        0     0       tick     891779705    1971405776     891779705 
    902   2246        0     1       tick    1140943986    1986849109             - 
    903   2246        0     0       tick    1170121447    2002803163    1170121447 
    904   2246        0     1       tick    1130781591    2000427253             - 
    905   2246        0     0       tick     941399921    1989849330     941399921 
    906   2246        0     1       tick     677274510    1995402258             - 
    907   2246        0     0       tick    1096608748    1976517026    1096608748 
    908   2246        0     1       tick    1150539277    2002909130             - 
    909   2246        0     0       tick    1156160888    2002727857    1156160888 
    910   2246        0     1       tick    1176424516    2000175600             - 
    911   2246        0     0       tick     583350700    2001034977     583350700 
    912   2246        0     1       tick     947441481    1956052233             - 
    913   2246        0     0       tick    1128768267    1994254052    1128768267 
    914   2246        0     1       tick    1174681448    2002665090             - 
    915   2246        0     0       tick    1144596245    1999914033    1144596245 
    916   2246        0     1       tick     881859959    2001210389             - 
    917   2246        0     0       tick     704242656    1975170515     704242656 
    918   2246        0     1       tick    1114697562    1996775026             - 
    919   2246        0     0       tick    1165868873    1986517397    1165868873 
    920   2246        0     1       tick    1137320278    2002244713             - 
    921   2246        0     0       tick    1153212068    1999885938    1153212068 
    922   2246        0     1       tick     576341177    1984056430             - 
    923   2246        0     0       tick     968513974    1971747010     968513974 
    924   2246        0     1       tick    1175890397    2002602069             - 
    925   2246        0     0       tick    1129044663    1994505780    1129044663 
    926   2246        0     1       tick    1162131143    1999920368             - 
    927   2246        0     0       tick     820687876    2000938062     820687876 
    928   2246        0     1       tick     739313256    1960632271             - 
    929   2246        0     0       tick    1155005177    1997300742    1155005177 
    930   2246        0     1       tick    1133741476    2002890464             - 
    931   2246        0     0       tick    1148923735    2002483621    1148923735 
    932   2246        0     1       tick    1098661735    1998843703             - 
    933   2246        0     0       tick     627985755    1997785324     627985755 
    934   2246        0     1       tick    1005614063    1966995467             - 
    935   2246        0     0       tick    1132732772    2002502273    1132732772 
    936   2246        0     1       tick    1141594296    1985490988             - 
    937   2246        0     0       tick    1151214335    1975674181    1151214335 
    938   2246        0     1       tick     767977000    2001359081             - 
    939   2246        0     0       tick     806033208    1971052633     806033208 
    940   2246        0     1       tick    1135037159    2002874760             - 
    941   2246        0     0       tick    1141056143    1986234615    1141056143 
    942   2246        0     1       tick    1132168194    2002759983             - 
    943   2246        0     0       tick    1062259137    1998948664    1062259137 
    944   2246        0     1       tick     635372585    1998319915             - 
    945   2246        0     0       tick    1041176213    1974698757    1041176213 
    946   2246        0     1       tick    1149966399    2002604099             - 
    947   2246        0     0       tick    1131264987    2002732576    1131264987 
    948   2246        0     1       tick    1184983542    2000106931             - 
    949   2246        0     0       tick     695956704    1992374169     695956704 
    950   2246        0     1       tick     853714038    1971139213             - 
    951   2246        0     0       tick    1150788245    2002619752    1150788245 
    952   2246        0     1       tick    1132595126    2002015413             - 
    953   2246        0     0       tick    1158097643    1998660137    1158097643 
    954   2246        0     1       tick     987798284    2001363990             - 
    955   2246        0     0       tick     661455660    1998069066     661455660 
    956   2246        0     1       tick    1077120882    1973894660             - 
    957   2246        0     0       tick    1135017683    2002424911    1135017683 
    958   2246        0     1       tick    1164917409    1986734935             - 
    959   2246        0     0       tick    1160809640    1999918875    1160809640 
    960   2246        0     1       tick     634133074    2000915080             - 
    961   2246        0     0       tick     918115760    1971530630     918115760 
    962   2246        0     1       tick    1131974102    1998054306             - 
    963   2246        0     0       tick    1172952000    2002390757    1172952000 
    964   2246        0     1       tick    1132081397    2000488063             - 
    965   2246        0     0       tick     923212245    1982780787     923212245 
    966   2246        0     1       tick     672585493    1972160583             - 
    967   2246        0     0       tick    1104529616    1984702420    1104529616 
    968   2246        0     1       tick    1170854214    2002213518             - 
    969   2246        0     0       tick    1135647360    2002663639    1135647360 
    970   2246        0     1       exit     354716639     614020566             - 
