[Event-to-counter mappings]
pmc0=instr_retired_fixed(0),instr(1)
pmc1=unhalted_core_cycles_fixed(0),cycles(1)
pmc2=unhalted_ref_cycles_fixed(0)
pmc3=llc_misses(0),l2_misses(1)
pmc4=branch_instr_retired(0)
[Event counts]
nsample    pid coretype expid      event          pmc0          pmc1          pmc2          pmc3          pmc4
      1   3201        0     0       tick     770617374    1421627876    1433200218     770617374      90847524 
      2   3201        0     1       tick     727610273    1932983524             -             0             - 
      3   3201        0     0       tick    1208745293    1943768186    1943853150    1208745293      63947430 
      4   3201        0     1       tick    1167530182    1997399122             -             0             - 
      5   3201        0     0       tick     783268686    1956117710    1960371072     783268686      29343694 
      6   3201        0     1       tick    1386696320    1978551009             -             0             - 
      7   3201        0     0       tick    2937258168    2005637482    2005671006    2937258168     421516041 
      8   3201        0     1       tick    2943863209    1998015386             -             0             - 
      9   3201        0     0       tick    2859455450    1993987121    1994035560    2859455450     408532510 
     10   3201        0     1       tick    2960883501    2010942248             -             0             - 
     11   3201        0     0       tick    2847169124    2001012919    2001630636    2847169124     406580325 
     12   3201        0     1       tick    2979530946    2010835520             -             0             - 
     13   3201        0     0       tick    1479996500    2004308579    2004329676    1479996500     157552784 
     14   3201        0     1       tick    1064750803    1967135389             -             0             - 
     15   3201        0     0       tick    2003674837    1987809751    1987704882    2003674837     223985984 
     16   3201        0     1       tick    2965850960    2003158723             -             0             - 
     17   3201        0     0       tick    2958809555    2010542391    2010578298    2958809555     427771879 
     18   3201        0     1       tick    2925508247    2010338358             -             0             - 
     19   3201        0     0       tick    2980576593    2010823135    2010841596    2980576593     432060174 
     20   3201        0     1       tick    2898877973    1994251601             -             0             - 
     21   3201        0     0       tick    2963991652    2010603223    2010630888    2963991652     428963914 
     22   3201        0     1       tick    2595727844    2001196790             -             0             - 
     23   3201        0     0       tick     751069437    1981442871    1981406790     751069437      21315932 
     24   3201        0     1       tick    1347570029    1954994902             -             0             - 
     25   3201        0     0       tick    2731689859    2008033482    2008045434    2731689859     394027571 
     26   3201        0     1       tick    2949362619    2010613250             -             0             - 
     27   3201        0     0       tick    2872251429    2010325025    2010352650    2872251429     414913371 
     28   3201        0     1       tick    2945443871    2010750436             -             0             - 
     29   3201        0     0       tick    2870729877    2009775094    2009829918    2870729877     414385107 
     30   3201        0     1       tick    2931146165    1994608333             -             0             - 
     31   3201        0     0       tick    1391921619    2002525216    2002505064    1391921619     144235731 
     32   3201        0     1       tick    1054002158    1967223852             -             0             - 
     33   3201        0     0       tick    1501323297    2000665752    2000544528    1501323297     107649866 
     34   3201        0     1       tick    2960324570    1995116193             -             0             - 
     35   3201        0     0       tick    2964802226    2010352448    2010358236    2964802226     431125765 
     36   3201        0     1       tick    2917024189    2010142422             -             0             - 
     37   3201        0     0       tick    2971067096    2010820934    2010832068    2971067096     431734131 
     38   3201        0     1       tick    2970147889    2010755341             -             0             - 
     39   3201        0     0       tick    2914388514    2006180765    2010225108    2914388514     420596740 
     40   3201        0     1       tick    2973011460    2010931821             -             0             - 
     41   3201        0     0       tick    2990305251    2010605074    2010635088    2990305251     433390496 
     42   3201        0     1       tick     819523917    2001568588             -             0             - 
     43   3201        0     0       tick    1220955101    1968364589    1968341718    1220955101      71227986 
     44   3201        0     1       tick    1824439986    1987037066             -             0             - 
     45   3201        0     0       tick    3006678805    2010878488    2010894606    3006678805     434808059 
     46   3201        0     1       tick    3004808181    2011157082             -             0             - 
     47   3201        0     0       tick    2994196901    2010289893    2010298422    2994196901     432831277 
     48   3201        0     1       tick    2947134419    2010665623             -             0             - 
     49   3201        0     0       tick    2995993763    2010821731    2010823596    2995993763     433093561 
     50   3201        0     1       tick    2988965118    2010587560             -             0             - 
     51   3201        0     0       tick    2999982590    2010873959    2010893316    2999982590     433870548 
     52   3201        0     1       tick    2931761410    2010488452             -             0             - 
     53   3201        0     0       tick    2995861863    2010706511    2010747294    2995861863     433130678 
     54   3201        0     1       tick    2994975531    2011050062             -             0             - 
     55   3201        0     0       tick    2977788274    2010717718    2010732384    2977788274     431113141 
     56   3201        0     1       tick     996778579    2002695465             -             0             - 
     57   3201        0     0       tick    1132352228    1967284427    1967256504    1132352228      63239307 
     58   3201        0     1       tick    1448498502    1979676296             -             0             - 
     59   3201        0     0       tick    2669659022    1998654312    1998669894    2669659022     377326076 
     60   3201        0     1       tick    2956033259    1994099075             -             0             - 
     61   3201        0     0       tick    2989227895    2010956629    2010964884    2989227895     432687915 
     62   3201        0     1       tick    2954174860    1994547726             -             0             - 
     63   3201        0     0       tick    2930427602    2002403726    2002436958    2930427602     422245753 
     64   3201        0     1       tick    2981753133    2010759416             -             0             - 
     65   3201        0     0       tick    2969299202    1993821310    1993922508    2969299202     430046573 
     66   3201        0     1       tick    2989873005    2011177598             -             0             - 
     67   3201        0     0       tick    2921462412    1994627317    1994656614    2921462412     421393320 
     68   3201        0     1       tick    2984788799    2010587431             -             0             - 
     69   3201        0     0       tick    2982556816    2010675401    2010694308    2982556816     432009565 
     70   3201        0     1       tick    2967132688    2010585434             -             0             - 
     71   3201        0     0       tick    2969554357    2010430578    2010451758    2969554357     430938268 
     72   3201        0     1       tick    1232999230    1986881250             -             0             - 
     73   3201        0     0       tick    1024698248    1966314977    1966242408    1024698248      55381401 
     74   3201        0     1       tick    1459684690    2002110040             -             0             - 
     75   3201        0     0       tick    2530604904    2006679635    2006710338    2530604904     340206837 
     76   3201        0     1       tick    2993298923    2011101059             -             0             - 
     77   3201        0     0       tick    3002332313    2010414202    2010404886    3002332313     434696570 
     78   3201        0     1       tick    3021439554    2011001887             -             0             - 
     79   3201        0     0       tick    2995406716    2010879901    2010896640    2995406716     433854149 
     80   3201        0     1       tick    2944259289    1988139009             -             0             - 
     81   3201        0     0       tick    3005749836    2010470739    2010473952    3005749836     430854946 
     82   3201        0     1       tick    2962222129    1995025477             -             0             - 
     83   3201        0     0       tick    2998408879    2010297925    2010308424    2998408879     434330177 
     84   3201        0     1       tick    2995869266    2010931334             -             0             - 
     85   3201        0     0       tick    2990614269    2010335752    2010335904    2990614269     433350353 
     86   3201        0     1       tick    2983282944    2010300864             -             0             - 
     87   3201        0     0       tick    3004969111    2010993596    2011006038    3004969111     430226663 
     88   3201        0     1       tick    2967712093    1995140168             -             0             - 
     89   3201        0     0       tick    2996234270    2010563229    2010575850    2996234270     434171299 
     90   3201        0     1       tick    3015682161    2011054745             -             0             - 
     91   3201        0     0       tick    2999932108    2010816698    2010818988    2999932108     434353692 
     92   3201        0     1       tick    2944700125    1992014753             -             0             - 
     93   3201        0     0       tick    2393263092    2007528665    2007495918    2393263092     321596186 
     94   3201        0     1       tick     718493047    1997852034             -             0             - 
     95   3201        0     0       tick    1371905184    1969151124    1969225194    1371905184      83898240 
     96   3201        0     1       tick    1790356973    2002512447             -             0             - 
     97   3201        0     0       tick    2995443166    2010764081    2010778188    2995443166     433388257 
     98   3201        0     1       tick    3014525590    2010826821             -             0             - 
     99   3201        0     0       tick    3003100489    2010825499    2010823290    3003100489     435144374 
    100   3201        0     1       tick    2980697595    2011149301             -             0             - 
    101   3201        0     0       tick    2989460058    2010473303    2010502470    2989460058     432610315 
    102   3201        0     1       tick    2996836023    2011176895             -             0             - 
    103   3201        0     0       tick    3010397994    2010960412    2010977850    3010397994     432855224 
    104   3201        0     1       tick    2979641138    2000872473             -             0             - 
    105   3201        0     0       tick    3012025007    2010720928    2010739152    3012025007     435565816 
    106   3201        0     1       tick    2995886344    2010443355             -             0             - 
    107   3201        0     0       tick    2974463139    2010144020    2010169212    2974463139     431965771 
    108   3201        0     1       tick    2976391036    2010985723             -             0             - 
    109   3201        0     0       tick    2996453761    2010920626    2010930012    2996453761     433096209 
    110   3201        0     1       tick    3010890577    2010644026             -             0             - 
    111   3201        0     0       tick    3003641591    2010900598    2010879030    3003641591     434259403 
    112   3201        0     1       tick    3000336957    2011039468             -             0             - 
    113   3201        0     0       tick    2991113798    2010723395    2010752970    2991113798     433283537 
    114   3201        0     1       tick    2985786505    2011001672             -             0             - 
    115   3201        0     0       tick    2997291553    2010928591    2010928710    2997291553     433732912 
    116   3201        0     1       tick    2991761641    2010926749             -             0             - 
    117   3201        0     0       tick    3005749698    2010574325    2010579414    3005749698     432693363 
    118   3201        0     1       tick     783325880    1985660712             -             0             - 
    119   3201        0     0       tick    1176176151    1959000611    1958991054    1176176151      70724503 
    120   3201        0     1       tick    1465010981    2001694143             -             0             - 
    121   3201        0     0       tick    2271171327    2004309703    2004239994    2271171327     282348543 
    122   3201        0     1       tick    3002784373    2010624263             -             0             - 
    123   3201        0     0       tick    2996217046    2010971755    2010974460    2996217046     434352937 
    124   3201        0     1       tick    2964458617    2011182774             -             0             - 
    125   3201        0     0       tick    2968386197    1999743346    2002182954    2968386197     434138600 
    126   3201        0     1       tick    3014602739    2011159915             -             0             - 
    127   3201        0     0       tick    3007344495    2010999607    2010997614    3007344495     435436854 
    128   3201        0     1       tick    3005283148    2010779975             -             0             - 
    129   3201        0     0       tick    3015819120    2010863778    2010880452    3015819120     436588150 
    130   3201        0     1       tick    3002742755    2011178549             -             0             - 
    131   3201        0     0       tick    2936150761    1994591772    1994602524    2936150761     430076222 
    132   3201        0     1       tick    2970430588    2011133367             -             0             - 
    133   3201        0     0       tick    3015914193    2010789193    2010794322    3015914193     436787598 
    134   3201        0     1       tick    2987157399    1994488326             -             0             - 
    135   3201        0     0       tick    3003767735    2010850362    2010864918    3003767735     434185827 
    136   3201        0     1       tick    3010408812    2011219738             -             0             - 
    137   3201        0     0       tick    3005877900    2010581573    2010591030    3005877900     436038957 
    138   3201        0     1       tick    2978299858    2011157927             -             0             - 
    139   3201        0     0       tick    2962816266    1994893527    1994893032    2962816266     433198603 
    140   3201        0     1       tick    3015030933    2010936470             -             0             - 
    141   3201        0     0       tick    3011050914    2010810019    2010818088    3011050914     436272725 
    142   3201        0     1       tick    1860001817    2006262937             -             0             - 
    143   3201        0     0       tick     805971969    1973721556    1973721996     805971969      36467298 
    144   3201        0     1       tick    1455332955    1996088563             -             0             - 
    145   3201        0     0       tick    1603028655    2001593171    2001523452    1603028655     129245694 
    146   3201        0     1       tick    3005802848    2010575397             -             0             - 
    147   3201        0     0       tick    3017322160    2010910964    2010912444    3017322160     437162631 
    148   3201        0     1       tick    2983868848    2011122598             -             0             - 
    149   3201        0     0       tick    2971587912    2010498750    2010536274    2971587912     435645347 
    150   3201        0     1       tick    2998896457    2011154359             -             0             - 
    151   3201        0     0       tick    3015996803    2010950714    2010962274    3015996803     436883291 
    152   3201        0     1       tick    2969378993    1992110425             -             0             - 
    153   3201        0     0       tick    2986904915    1994581102    1994595018    2986904915     433650879 
    154   3201        0     1       tick    3025243328    2011072758             -             0             - 
    155   3201        0     0       tick    2980486610    2010638225    2010642396    2980486610     435766181 
    156   3201        0     1       tick    2966475867    2011031184             -             0             - 
    157   3201        0     0       tick    2988679720    2010886604    2010894552    2988679720     436485221 
    158   3201        0     1       tick    3004594617    2010842361             -             0             - 
    159   3201        0     0       tick    3002997896    2011075131    2011095648    3002997896     435216271 
    160   3201        0     1       tick    3002533724    2011254449             -             0             - 
    161   3201        0     0       tick    3012065976    2010445528    2010454350    3012065976     436619832 
    162   3201        0     1       tick    2994499369    2011022704             -             0             - 
    163   3201        0     0       tick    2972829762    2010815888    2010825738    2972829762     435571192 
    164   3201        0     1       tick    2978203367    2010704388             -             0             - 
    165   3201        0     0       tick    3006673831    2010429067    2010444528    3006673831     435313889 
    166   3201        0     1       tick    2986372207    2003056199             -             0             - 
    167   3201        0     0       tick    1300180464    2003594297    2003637756    1300180464     130111407 
    168   3201        0     1       tick     995226352    1968114424             -             0             - 
    169   3201        0     0       tick    1460491598    2002294761    2002382262    1460491598      81016287 
    170   3201        0     1       tick    1426148966    1984119637             -             0             - 
    171   3201        0     0       tick    2982987018    2010762258    2010762024    2982987018     432203704 
    172   3201        0     1       tick    3021697282    2011237127             -             0             - 
    173   3201        0     0       tick    2962759123    2010470437    2010460764    2962759123     434827444 
    174   3201        0     1       tick    2938357647    2010897595             -             0             - 
    175   3201        0     0       tick    3008667228    2010899456    2010898200    3008667228     438945556 
    176   3201        0     1       tick    3001631859    1994667599             -             0             - 
    177   3201        0     0       tick    3016845431    2010794489    2010810054    3016845431     438132437 
    178   3201        0     1       tick    2995440139    1995089229             -             0             - 
    179   3201        0     0       tick    2999541849    2010250390    2010252930    2999541849     437784188 
    180   3201        0     1       tick    2932148292    2010511722             -             0             - 
    181   3201        0     0       tick    2971291812    2010838867    2010826332    2971291812     435783639 
    182   3201        0     1       tick    3015642071    2010991906             -             0             - 
    183   3201        0     0       tick    2995601614    2001210553    2002553364    2995601614     434713512 
    184   3201        0     1       tick    3014726043    2010689899             -             0             - 
    185   3201        0     0       tick    3001673670    2010528449    2010539388    3001673670     435481721 
    186   3201        0     1       tick    2962731727    2011121664             -             0             - 
    187   3201        0     0       tick    2925439821    2010837563    2010835404    2925439821     430835227 
    188   3201        0     1       tick    2986679432    2010813722             -             0             - 
    189   3201        0     0       tick    3005223331    2010719339    2010705870    3005223331     435621965 
    190   3201        0     1       tick    2629602055    2009038189             -             0             - 
    191   3201        0     0       tick     691112948    1996634727    1996633080     691112948      20765583 
    192   3201        0     1       tick    1284697038    1971145014             -             0             - 
    193   3201        0     0       tick    1473584488    2002158239    2002155144    1473584488      84260587 
    194   3201        0     1       tick    2111041935    2004478897             -             0             - 
    195   3201        0     0       tick    3027588092    2010909816    2010897402    3027588092     438071958 
    196   3201        0     1       tick    2984964921    2010400786             -             0             - 
    197   3201        0     0       tick    2913756283    2009996568    2009994396    2913756283     428336205 
    198   3201        0     1       tick    2972726294    2011082410             -             0             - 
    199   3201        0     0       tick    3024900610    2010789026    2010778812    3024900610     438646206 
    200   3201        0     1       tick    3037187463    2011126986             -             0             - 
    201   3201        0     0       tick    3034337083    2010879208    2010889938    3034337083     438755997 
    202   3201        0     1       tick    2998076756    2010247933             -             0             - 
    203   3201        0     0       tick    2919264929    2010027442    2010032838    2919264929     429479426 
    204   3201        0     1       tick    2934155011    2010907782             -             0             - 
    205   3201        0     0       tick    3010104781    2010704607    2010716052    3010104781     438119052 
    206   3201        0     1       tick    3034618223    2010995677             -             0             - 
    207   3201        0     0       tick    3029064785    2010602318    2010580692    3029064785     438174431 
    208   3201        0     1       tick    3010706067    2010374289             -             0             - 
    209   3201        0     0       tick    2951685857    2010632333    2010644412    2951685857     433986149 
    210   3201        0     1       tick    2907108195    2010971256             -             0             - 
    211   3201        0     0       tick    2978700658    2010021483    2010044280    2978700658     436660569 
    212   3201        0     1       tick    3021323641    2010981203             -             0             - 
    213   3201        0     0       tick    2469107929    2008542544    2008576998    2469107929     337863641 
    214   3201        0     1       tick     703757315    1997997468             -             0             - 
    215   3201        0     0       tick    1338075295    1970507218    1970497614    1338075295      78246993 
    216   3201        0     1       tick    1457310026    2002552576             -             0             - 
    217   3201        0     0       tick    2223581573    2004631666    2004562512    2223581573     270583394 
    218   3201        0     1       tick    3014261569    2011080767             -             0             - 
    219   3201        0     0       tick    2922555798    2010684964    2010690720    2922555798     430262646 
    220   3201        0     1       tick    2885361430    1994438708             -             0             - 
    221   3201        0     0       tick    2992079523    2010532067    2010525270    2992079523     437927151 
    222   3201        0     1       tick    3024805532    2011066797             -             0             - 
    223   3201        0     0       tick    2998636802    1994661652    1994656386    2998636802     435791299 
    224   3201        0     1       tick    2949796357    2011120218             -             0             - 
    225   3201        0     0       tick    2886381272    2010638323    2010672468    2886381272     423403788 
    226   3201        0     1       tick    2943432537    1988929212             -             0             - 
    227   3201        0     0       tick    3009196337    2002375254    2002375086    3009196337     436165582 
    228   3201        0     1       tick    3036338747    2011198833             -             0             - 
    229   3201        0     0       tick    2992039028    2010494550    2010470724    2992039028     439766437 
    230   3201        0     1       tick    2898665708    2010894018             -             0             - 
    231   3201        0     0       tick    2950883343    2010878871    2010888618    2950883343     434802901 
    232   3201        0     1       tick    3023734799    2010809176             -             0             - 
    233   3201        0     0       tick    2443816405    1992589231    1992618492    2443816405     335030316 
    234   3201        0     1       tick     702368192    1998468308             -             0             - 
    235   3201        0     0       tick    1328996088    1970869844    1970832366    1328996088      76711945 
    236   3201        0     1       tick    1462154801    2002308160             -             0             - 
    237   3201        0     0       tick    2181023844    1986112276    1988118438    2181023844     265142412 
    238   3201        0     1       tick    2946915976    2010834966             -             0             - 
    239   3201        0     0       tick    2810118377    2010213246    2010228822    2810118377     417072659 
    240   3201        0     1       tick    3008137434    2011092129             -             0             - 
    241   3201        0     0       tick    3011773586    2010751432    2010707322    3011773586     440444781 
    242   3201        0     1       tick    2860036411    2010879660             -             0             - 
    243   3201        0     0       tick    2914381646    2010785189    2010799158    2914381646     431310857 
    244   3201        0     1       tick    3013154089    2010759136             -             0             - 
    245   3201        0     0       tick    2983152175    2010677201    2010682662    2983152175     437832148 
    246   3201        0     1       tick    2802532938    2009416179             -             0             - 
    247   3201        0     0       tick    2936976618    2009692478    2009716404    2936976618     434161749 
    248   3201        0     1       tick    2895029379    2010378648             -             0             - 
    249   3201        0     0       tick     682943887    1997522318    1997488854     682943887      21240497 
    250   3201        0     1       tick    1170984446    1946572300             -             0             - 
    251   3201        0     0       tick    1473233102    2001753736    2001764442    1473233102      84247256 
    252   3201        0     1       tick    1448050200    2000329069             -             0             - 
    253   3201        0     0       tick    2859062344    2010685152    2010690042    2859062344     423810819 
    254   3201        0     1       tick    2755486346    2010443814             -             0             - 
    255   3201        0     0       tick    2984327698    2011027862    2011012272    2984327698     440571279 
    256   3201        0     1       tick    2740357661    2010070583             -             0             - 
    257   3201        0     0       tick    2983791037    2011034305    2011026336    2983791037     441526097 
    258   3201        0     1       tick    2915723706    1995106711             -             0             - 
    259   3201        0     0       tick    2756018678    2009995574    2009965938    2756018678     411979829 
    260   3201        0     1       tick    2194751120    2007778255             -             0             - 
    261   3201        0     0       tick     717756182    1992144687    1992186852     717756182      23030195 
    262   3201        0     1       tick    1410116097    1976812954             -             0             - 
    263   3201        0     0       tick    1473041191    2001077881    2001181464    1473041191      84239576 
    264   3201        0     1       tick    1805083424    2002156469             -             0             - 
    265   3201        0     0       tick    2673240871    2009264127    2009283312    2673240871     401182288 
    266   3201        0     1       tick    2766635232    2009931672             -             0             - 
    267   3201        0     0       tick    2873155583    2010484596    2010494790    2873155583     429787972 
    268   3201        0     1       tick    2664267040    2009074633             -             0             - 
    269   3201        0     0       tick    1722247620    1995298745    1997325942    1722247620     212743903 
    270   3201        0     1       tick     813595255    1974012216             -             0             - 
    271   3201        0     0       tick    1455624959    1995471940    1995498324    1455624959      81021504 
    272   3201        0     1       tick    1474928350    2002433676             -             0             - 
    273   3201        0     0       tick    1537939304    1985208262    1985229348    1537939304     117740141 
    274   3201        0     1       tick    2638562825    2009481838             -             0             - 
    275   3201        0     0       tick    2623106098    2009688659    2009727606    2623106098     393628247 
    276   3201        0     1       tick    1918710697    2006751087             -             0             - 
    277   3201        0     0       tick     716457792    1997857132    1997858004     716457792      20618830 
    278   3201        0     1       tick    1396385414    1971063504             -             0             - 
    279   3201        0     0       tick    1472523190    2002224125    2002214904    1472523190      84219416 
    280   3201        0     1       tick    1451906762    2002047549             -             0             - 
    281   3201        0     0       tick    1810968696    1986467124    1986438084    1810968696     221957735 
    282   3201        0     1       tick    1748181975    2003950376             -             0             - 
    283   3201        0     0       tick     700701214    1997959970    1997970336     700701214      20670234 
    284   3201        0     1       tick    1331193684    1971016776             -             0             - 
    285   3201        0     0       tick    1461392052    2002156538    2002152042    1461392052      81824972 
    286   3201        0     1       tick    1475494639    2002143313             -             0             - 
    287   3201        0     0       tick    1458936046    1996370440    2000380482    1458936046     107741782 
    288   3201        0     1       tick    1385517488    2003619551             -             0             - 
    289   3201        0     0       tick     705367625    1997392005    1997362728     705367625      20588153 
    290   3201        0     1       tick    1364871649    1969981620             -             0             - 
    291   3201        0     0       tick    1432175677    1986017676    1986023460    1432175677      76306455 
    292   3201        0     1       tick    1472501447    2001802463             -             0             - 
    293   3201        0     0       tick    1409920070    1978600231    1984567500    1409920070      99847091 
    294   3201        0     1       tick    1101800646    2002007536             -             0             - 
    295   3201        0     0       tick     739824328    1973245598    1973288070     739824328      32764348 
    296   3201        0     1       tick    1447543832    1995980300             -             0             - 
    297   3201        0     0       tick    1465800351    2001952141    2001969450    1465800351      82320956 
    298   3201        0     1       tick    1472618188    2001582373             -             0             - 
    299   3201        0     0       tick    1298589964    1989702304    1990947222    1298589964     125715792 
    300   3201        0     1       tick     670476796    1999730049             -             0             - 
    301   3201        0     0       tick    1172596425    1968991237    1968972180    1172596425      65867744 
    302   3201        0     1       tick    1460863158    1986295980             -             0             - 
    303   3201        0     0       tick    1436860772    1985494028    1986070182    1436860772      76986478 
    304   3201        0     1       tick    1467095153    2000778888             -             0             - 
    305   3201        0     0       tick    1093056898    1983028035    1983052926    1093056898     103795034 
    306   3201        0     1       tick     695373811    1998586935             -             0             - 
    307   3201        0     0       tick    1300981977    1970920276    1970908974    1300981977      73238865 
    308   3201        0     1       tick    1474597266    2002424023             -             0             - 
    309   3201        0     0       tick    1471859527    1998791510    2001371634    1471859527      84194011 
    310   3201        0     1       tick    1321399977    2000028108             -             0             - 
    311   3201        0     0       tick     725950922    1982491512    1984481484     725950922      31213394 
    312   3201        0     1       tick    1042744616    1967384227             -             0             - 
    313   3201        0     0       tick    1473320747    2002141144    2002155366    1473320747      84250388 
    314   3201        0     1       tick    1460795928    2002314511             -             0             - 
    315   3201        0     0       tick    1427598098    2000418263    2000431914    1427598098      91445716 
    316   3201        0     1       tick     977986228    1999764705             -             0             - 
    317   3201        0     0       tick     727004019    1973221495    1973279478     727004019      31996807 
    318   3201        0     1       tick    1441303689    1996020272             -             0             - 
    319   3201        0     0       tick    1471502530    2001903119    2001953154    1471502530      84180333 
    320   3201        0     1       tick    1474099891    2002271787             -             0             - 
    321   3201        0     0       tick    1254902464    1982941772    1982945082    1254902464     114417373 
    322   3201        0     1       tick     662392823    1998882852             -             0             - 
    323   3201        0     0       tick    1161145384    1953661647    1953606270    1161145384      64758520 
    324   3201        0     1       tick    1470913246    2001043389             -             0             - 
    325   3201        0     0       tick    1454054740    2000187665    2000317158    1454054740      79294377 
    326   3201        0     1       tick    1382916404    1999657256             -             0             - 
    327   3201        0     0       tick     869008404    2000876438    2000867472     869008404      58861964 
    328   3201        0     1       tick     864261070    1967188263             -             0             - 
    329   3201        0     0       tick    1446950974    2002152211    2002132452    1446950974      77307520 
    330   3201        0     1       tick    1469566980    2002424214             -             0             - 
    331   3201        0     0       tick    1456291734    1977872093    1977922188    1456291734      83591738 
    332   3201        0     1       tick    1136337913    1999817463             -             0             - 
    333   3201        0     0       tick     678116064    1982028683    1981975452     678116064      20505811 
    334   3201        0     1       tick    1270193555    1964657106             -             0             - 
    335   3201        0     0       tick    1473220837    2000441890    2000548170    1473220837      84246652 
    336   3201        0     1       tick    1460906307    2001795430             -             0             - 
    337   3201        0     0       tick    1338459256    1999499725    1999478250    1338459256     106768063 
    338   3201        0     1       tick     769151617    2000401334             -             0             - 
    339   3201        0     0       tick     987629993    1949063219    1950298446     987629993      53978932 
    340   3201        0     1       tick    1459872260    2002053970             -             0             - 
    341   3201        0     0       tick    1474015161    2009667014    2009663610    1474015161      84277243 
    342   3201        0     1       tick    1442408773    1992225492             -             0             - 
    343   3201        0     0       tick    1009625279    2001144541    2001112272    1009625279      89381866 
    344   3201        0     1       tick     715185648    1998663579             -             0             - 
    345   3201        0     0       tick    1399421768    1970202943    1970124378    1399421768      86067430 
    346   3201        0     1       tick    1470319504    2001191877             -             0             - 
    347   3201        0     0       tick    1456448936    2002320551    2002361436    1456448936      79358076 
    348   3201        0     1       tick    1042668003    1999968007             -             0             - 
    349   3201        0     0       tick     703382237    1997036377    1997052936     703382237      20449885 
    350   3201        0     1       tick    1365564978    1969769408             -             0             - 
    351   3201        0     0       tick    1431507151    1983496422    1986149994    1431507151      76279958 
    352   3201        0     1       tick    1470888874    2002099129             -             0             - 
    353   3201        0     0       tick    1107231907    1999673734    1999720128    1107231907     103852137 
    354   3201        0     1       tick     684925933    1982230938             -             0             - 
    355   3201        0     0       tick    1292317034    1970726747    1970787306    1292317034      72399516 
    356   3201        0     1       tick    1476430628    2002475314             -             0             - 
    357   3201        0     0       tick    1473920978    2001815335    2001861618    1473920978      84273727 
    358   3201        0     1       tick    1147778206    1981747049             -             0             - 
    359   3201        0     0       tick     679711837    1998269970    1998267162     679711837      20623181 
    360   3201        0     1       tick    1255732696    1970908895             -             0             - 
    361   3201        0     0       tick    1473017443    2001801052    2001833364    1473017443      84238787 
    362   3201        0     1       tick    1412122168    2000658188             -             0             - 
    363   3201        0     0       tick     969542342    2000818157    2000842830     969542342      78619340 
    364   3201        0     1       tick     720276672    1952757898             -             0             - 
    365   3201        0     0       tick    1439966853    1995459506    1995476136    1439966853      77676609 
    366   3201        0     1       tick    1472127253    2002067739             -             0             - 
    367   3201        0     0       tick    1348165295    2000225275    2000278848    1348165295     102896993 
    368   3201        0     1       tick     802667290    2001220313             -             0             - 
    369   3201        0     0       tick     945318395    1966888604    1966860924     945318395      48734984 
    370   3201        0     1       tick    1472031215    2002415735             -             0             - 
    371   3201        0     0       tick    1472628759    2002200965    2002172106    1472628759      84223626 
    372   3201        0     1       tick    1256270921    1984186804             -             0             - 
    373   3201        0     0       tick     654802742    1999915624    1999938426     654802742      15733183 
    374   3201        0     1       tick    1175660639    1968547985             -             0             - 
    375   3201        0     0       tick    1472260380    2001728815    2001836688    1472260380      84209513 
    376   3201        0     1       tick    1350330698    1984243294             -             0             - 
    377   3201        0     0       tick     851149854    1979269749    1985289336     851149854      56400546 
    378   3201        0     1       tick     857421818    1950547359             -             0             - 
    379   3201        0     0       tick    1431277525    1985355678    1985352288    1431277525      76271207 
    380   3201        0     1       tick    1474317380    2002344300             -             0             - 
    381   3201        0     0       tick    1402035655    2000296741    2000304066    1402035655      96881108 
    382   3201        0     1       tick     909531620    2001162898             -             0             - 
    383   3201        0     0       tick     802466296    1973534850    1973529810     802466296      36595975 
    384   3201        0     1       tick    1457899480    1995887682             -             0             - 
    385   3201        0     0       tick    1472408920    2002193764    2002323366    1472408920      84215129 
    386   3201        0     1       tick    1409291360    2000659086             -             0             - 
    387   3201        0     0       tick     946573599    2001308803    2001272178     946573599      74032370 
    388   3201        0     1       tick     760946499    1973302706             -             0             - 
    389   3201        0     0       tick    1454846781    1994151736    1994162346    1454846781      80990790 
    390   3201        0     1       tick    1460684940    2001819880             -             0             - 
    391   3201        0     0       tick    1425966410    1999571659    1999691922    1425966410      90936861 
    392   3201        0     1       tick     982950877    2000810509             -             0             - 
    393   3201        0     0       tick     717883331    1973177541    1973116620     717883331      31447007 
    394   3201        0     1       tick    1439180828    1995636113             -             0             - 
    395   3201        0     0       tick    1472549983    2002212349    2002289550    1472549983      84220968 
    396   3201        0     1       tick    1446213415    2000129404             -             0             - 
    397   3201        0     0       tick    1004321290    1985779209    1985719062    1004321290      89012280 
    398   3201        0     1       tick     713898280    1998739093             -             0             - 
    399   3201        0     0       tick    1395546091    1970929188    1970952360    1395546091      85761176 
    400   3201        0     1       tick    1471169582    2002187681             -             0             - 
    401   3201        0     0       tick    1452451267    2002376622    2002421154    1452451267      78490873 
    402   3201        0     1       tick    1049884424    1992087115             -             0             - 
    403   3201        0     0       tick     694627024    1981265468    1981272426     694627024      20354990 
    404   3201        0     1       tick    1327679885    1954762291             -             0             - 
    405   3201        0     0       tick    1459720229    2002193682    2002219392    1459720229      81466874 
    406   3201        0     1       tick    1399241899    2000305003             -             0             - 
    407   3201        0     0       tick     897053621    2001345060    2001375984     897053621      64227374 
    408   3201        0     1       tick     814930319    1972957712             -             0             - 
    409   3201        0     0       tick    1454697667    1994846142    1994844936    1454697667      80985148 
    410   3201        0     1       tick    1472470652    2000713269             -             0             - 
    411   3201        0     0       tick    1405981492    1999502247    1999517598    1405981492      93671024 
    412   3201        0     1       tick     936297068    1999868109             -             0             - 
    413   3201        0     0       tick     753899237    1949143126    1949121732     753899237      34022006 
    414   3201        0     1       tick    1456738576    1995830592             -             0             - 
    415   3201        0     0       tick    1459391601    2001800270    2001801960    1459391601      80973104 
    416   3201        0     1       tick    1427507468    2000510405             -             0             - 
    417   3201        0     0       tick     981923247    2001363508    2001390210     981923247      81112926 
    418   3201        0     1       tick     719102711    1973406335             -             0             - 
    419   3201        0     0       tick    1440104949    1995377723    1995388848    1440104949      77682334 
    420   3201        0     1       tick    1470931618    2002239519             -             0             - 
    421   3201        0     0       tick    1436252156    1982853148    1982797050    1436252156      84367629 
    422   3201        0     1       tick    1011522442    2002178865             -             0             - 
    423   3201        0     0       tick     706693531    1981879667    1981867860     706693531      20454554 
    424   3201        0     1       tick    1377398485    1954839555             -             0             - 
    425   3201        0     0       tick    1473145664    2002162779    2002262946    1473145664      84244003 
    426   3201        0     1       tick    1445231035    2002261257             -             0             - 
    427   3201        0     0       tick    1073762859    1999683753    1999733658    1073762859     102001688 
    428   3201        0     1       tick     699140922    1998279257             -             0             - 
    429   3201        0     0       tick    1334833504    1971134629    1971203898    1334833504      77561017 
    430   3201        0     1       tick    1457264045    2002008791             -             0             - 
    431   3201        0     0       tick    1475891431    2001528482    2001543786    1475891431      84350055 
    432   3201        0     1       tick    1117964443    2000008411             -             0             - 
    433   3201        0     0       tick     687006210    1997553972    1997554236     687006210      20551961 
    434   3201        0     1       tick    1286886509    1970578903             -             0             - 
    435   3201        0     0       tick    1474304195    2002072428    2002058082    1474304195      84288678 
    436   3201        0     1       tick    1472933160    2001916151             -             0             - 
    437   3201        0     0       tick    1322739371    2000519507    2000536362    1322739371     105881259 
    438   3201        0     1       tick     755422751    2001536403             -             0             - 
    439   3201        0     0       tick    1016472071    1967714167    1967718732    1016472071      55485849 
    440   3201        0     1       tick    1472432509    2002153380             -             0             - 
    441   3201        0     0       tick    1460072325    2000036448    2000121486    1460072325      80999556 
    442   3201        0     1       tick    1429456548    1990926994             -             0             - 
    443   3201        0     0       tick     994323726    1985583626    1985597064     994323726      85788251 
    444   3201        0     1       tick     710466401    1980629199             -             0             - 
    445   3201        0     0       tick    1403463462    1971491585    1971580488    1403463462      85581583 
    446   3201        0     1       tick    1472638211    2002335773             -             0             - 
    447   3201        0     0       tick    1467406831    2002161940    2002076130    1467406831      82506475 
    448   3201        0     1       tick    1355442186    1981948893             -             0             - 
    449   3201        0     0       tick     872055261    2001381328    2001328854     872055261      59769278 
    450   3201        0     1       tick     853357516    1967214091             -             0             - 
    451   3201        0     0       tick    1429527660    1985135386    1985163552    1429527660      76203666 
    452   3201        0     1       tick    1464634240    1984406873             -             0             - 
    453   3201        0     0       tick    1473050675    2002261089    2002291014    1473050675      84240332 
    454   3201        0     1       tick    1318651599    2000488501             -             0             - 
    455   3201        0     0       tick     743559080    2000873552    2000883450     743559080      33647926 
    456   3201        0     1       tick    1019310764    1951161128             -             0             - 
    457   3201        0     0       tick    1473328037    2002087619    2002105002    1473328037      84250800 
    458   3201        0     1       tick    1461477361    2002285780             -             0             - 
    459   3201        0     0       tick    1343455595    2000467840    2000488662    1343455595     105446785 
    460   3201        0     1       tick     785376991    2000987326             -             0             - 
    461   3201        0     0       tick     957973799    1966745873    1966715406     957973799      49683859 
    462   3201        0     1       tick    1442328834    1992422167             -             0             - 
    463   3201        0     0       tick    1436546163    1985454432    1985554416    1436546163      82828557 
    464   3201        0     1       tick    1344014727    2000361615             -             0             - 
    465   3201        0     0       tick     863181147    2001007873    2001005826     863181147      57725634 
    466   3201        0     1       tick     867948424    1965339474             -             0             - 
    467   3201        0     0       tick    1405576876    1985235786    1985297460    1405576876      75277352 
    468   3201        0     1       tick    1441722132    1994079008             -             0             - 
    469   3201        0     0       tick    1386620856    2000456626    2000502798    1386620856      92129479 
    470   3201        0     1       tick     938512847    1985499085             -             0             - 
    471   3201        0     0       tick     758823043    1971788115    1971781242     758823043      33956324 
    472   3201        0     1       tick    1418345870    1987327842             -             0             - 
    473   3201        0     0       tick    1431419729    1994154839    1994145792    1431419729      79891678 
    474   3201        0     1       tick    1325126603    1984528418             -             0             - 
    475   3201        0     0       tick     815141635    2000921492    2000955024     815141635      48061623 
    476   3201        0     1       tick     912952938    1951065549             -             0             - 
    477   3201        0     0       tick    1448246341    2000911661    2000945526    1448246341      83280879 
    478   3201        0     1       tick    1413709719    2002225212             -             0             - 
    479   3201        0     0       tick    1378756056    2000375071    2000382174    1378756056      98606519 
    480   3201        0     1       tick     893275545    2001729134             -             0             - 
    481   3201        0     0       tick     821813259    1972850396    1972861728     821813259      37847454 
    482   3201        0     1       tick    1427667116    1995948980             -             0             - 
    483   3201        0     0       tick    1446948534    2002332991    2002397742    1446948534      83230693 
    484   3201        0     1       tick    1417567406    1983553926             -             0             - 
    485   3201        0     0       tick    1336506706    2000457869    2000443932    1336506706     103615167 
    486   3201        0     1       tick     796445114    2001198422             -             0             - 
    487   3201        0     0       tick     944906489    1965792053    1965756444     944906489      48894431 
    488   3201        0     1       tick    1449368514    2002244806             -             0             - 
    489   3201        0     0       tick    1448883791    2002180632    2002167924    1448883791      83305529 
    490   3201        0     1       tick    1414788656    2002162461             -             0             - 
    491   3201        0     0       tick    1087683562    1999618714    1999608966    1087683562     103050263 
    492   3201        0     1       tick     690896781    1982269557             -             0             - 
    493   3201        0     0       tick    1290728138    1970120666    1970135526    1290728138      73013192 
    494   3201        0     1       tick    1446444490    2002459782             -             0             - 
    495   3201        0     0       tick    1444748346    2002054216    2002182174    1444748346      83145481 
    496   3201        0     1       tick    1395095246    2000267697             -             0             - 
    497   3201        0     0       tick     979573514    2001208269    2001286638     979573514      80608899 
    498   3201        0     1       tick     723034193    1972925370             -             0             - 
    499   3201        0     0       tick    1413245627    1995508509    1995516078    1413245627      76644018 
    500   3201        0     1       tick    1448571968    2002145046             -             0             - 
    501   3201        0     0       tick    1444386204    2001897677    2001917214    1444386204      82210151 
    502   3201        0     1       tick    1270328360    1999834299             -             0             - 
    503   3201        0     0       tick     664482836    2001103703    2001096234     664482836      17610507 
    504   3201        0     1       tick    1149100187    1966522168             -             0             - 
    505   3201        0     0       tick    1414857710    2002223918    2002195494    1414857710      75636504 
    506   3201        0     1       tick    1447774721    2002257356             -             0             - 
    507   3201        0     0       tick    1388715008    1999992681    1999958040    1388715008      92029305 
    508   3201        0     1       tick     945531196    2001106360             -             0             - 
    509   3201        0     0       tick     763482403    1972871163    1972839738     763482403      34285981 
    510   3201        0     1       tick    1428477178    1995734579             -             0             - 
    511   3201        0     0       tick    1432690862    2001236577    2001360462    1432690862      79940704 
    512   3201        0     1       tick    1418303483    1998632721             -             0             - 
    513   3201        0     0       tick    1009679708    2001112149    2001065220    1009679708      88836428 
    514   3201        0     1       tick     710229117    1982256949             -             0             - 
    515   3201        0     0       tick    1366846401    1953399977    1953368166    1366846401      84776142 
    516   3201        0     1       tick    1421641276    1994660884             -             0             - 
    517   3201        0     0       tick    1433994641    2001905185    2001909036    1433994641      80996678 
    518   3201        0     1       tick    1109774039    1999796121             -             0             - 
    519   3201        0     0       tick     691691126    1997801865    1997760834     691691126      20553338 
    520   3201        0     1       tick    1279090625    1969507128             -             0             - 
    521   3201        0     0       tick    1447030500    2002063876    2002076550    1447030500      83233992 
    522   3201        0     1       tick    1418684589    1980476220             -             0             - 
    523   3201        0     0       tick    1213055651    1999349361    1999340676    1213055651     113155851 
    524   3201        0     1       tick     679979684    1998122639             -             0             - 
    525   3201        0     0       tick    1177634158    1952796342    1952761758    1177634158      62588304 
    526   3201        0     1       tick    1436825352    1986018233             -             0             - 
    527   3201        0     0       tick    1448529146    2002245490    2002205676    1448529146      83291816 
    528   3201        0     1       tick    1267139814    1999960234             -             0             - 
    529   3201        0     0       tick     654793518    2000940880    2000963562     654793518      15644503 
    530   3201        0     1       tick    1161988035    1965843595             -             0             - 
    531   3201        0     0       tick    1404666310    1983549694    1985573274    1404666310      75242012 
    532   3201        0     1       tick    1445807191    2002168433             -             0             - 
    533   3201        0     0       tick    1301244068    1983374818    1983358248    1301244068     108582759 
    534   3201        0     1       tick     733315185    2001146934             -             0             - 
    535   3201        0     0       tick    1031242744    1953518220    1957429740    1031242744      56729017 
    536   3201        0     1       tick    1445172834    2002388523             -             0             - 
    537   3201        0     0       tick    1429788457    1992153642    1994091024    1429788457      79828467 
    538   3201        0     1       tick    1327855341    1984498232             -             0             - 
    539   3201        0     0       tick     812208695    2000670476    2000690712     812208695      47186985 
    540   3201        0     1       tick     932195479    1965129984             -             0             - 
    541   3201        0     0       tick    1432667540    1976858183    1984738422    1432667540      82678440 
    542   3201        0     1       tick    1419228239    2001189552             -             0             - 
    543   3201        0     0       tick    1373840745    1999139910    1999088940    1373840745      98429252 
    544   3201        0     1       tick     887238562    1994306420             -             0             - 
    545   3201        0     0       tick     818264762    1955740957    1955732166     818264762      37804329 
    546   3201        0     1       tick    1428943581    1995852497             -             0             - 
    547   3201        0     0       tick    1446157290    2002005659    2002018392    1446157290      83200094 
    548   3201        0     1       tick    1392299712    2000460667             -             0             - 
    549   3201        0     0       tick     965352998    2001305913    2001337812     965352998      77432092 
    550   3201        0     1       tick     746407527    1972412911             -             0             - 
    551   3201        0     0       tick    1412892257    1995898157    1995862776    1412892257      76630086 
    552   3201        0     1       tick    1448218695    2002451170             -             0             - 
    553   3201        0     0       tick    1447288582    2001976182    2001966162    1447288582      83244100 
    554   3201        0     1       tick    1265252846    2000375473             -             0             - 
    555   3201        0     0       tick     651041072    2000666096    2000633016     651041072      14912315 
    556   3201        0     1       tick    1167118309    1966174906             -             0             - 
    557   3201        0     0       tick    1424370276    2002287411    2002359066    1424370276      77265639 
    558   3201        0     1       tick    1428742505    1985966318             -             0             - 
    559   3201        0     0       tick    1306469646    1999105111    1999023150    1306469646     110735682 
    560   3201        0     1       tick     720347122    2000811525             -             0             - 
    561   3201        0     0       tick    1053017361    1966387726    1966405086    1053017361      57909879 
    562   3201        0     1       tick    1445911284    2002113179             -             0             - 
    563   3201        0     0       tick    1431812435    2001691139    2001727398    1431812435      79906862 
    564   3201        0     1       tick    1326471264    1984256228             -             0             - 
    565   3201        0     0       tick     793250948    2000493047    2000464374     793250948      43653282 
    566   3201        0     1       tick     950593152    1966168086             -             0             - 
    567   3201        0     0       tick    1449331710    2002232165    2002251702    1449331710      83323240 
    568   3201        0     1       tick    1445939938    2001790202             -             0             - 
    569   3201        0     0       tick    1264278872    2000097290    2000024052    1264278872     111615966 
    570   3201        0     1       tick     648421401    1984631885             -             0             - 
    571   3201        0     0       tick    1155305564    1966733748    1966725522    1155305564      69853861 
    572   3201        0     1       tick    1415926636    2002438582             -             0             - 
    573   3201        0     0       tick    1447215902    2001526047    2001561960    1447215902      83241161 
    574   3201        0     1       tick    1306251271    1999883409             -             0             - 
    575   3201        0     0       tick     729746059    2000853447    2000803116     729746059      30830960 
    576   3201        0     1       tick    1042415600    1966838785             -             0             - 
    577   3201        0     0       tick    1430148324    1982693514    1985579796    1430148324      82581151 
    578   3201        0     1       tick    1436355139    2002307589             -             0             - 
    579   3201        0     0       tick    1334608779    1999846698    1999878258    1334608779     102577910 
    580   3201        0     1       tick     804713923    2001030053             -             0             - 
    581   3201        0     0       tick     926942639    1950295934    1950271164     926942639      47992633 
    582   3201        0     1       tick    1447859082    2002316168             -             0             - 
    583   3201        0     0       tick    1427927273    2002207500    2002247616    1427927273      78450770 
    584   3201        0     1       tick    1365247563    2000478534             -             0             - 
    585   3201        0     0       tick     880273913    2001510734    2001488466     880273913      61112573 
    586   3201        0     1       tick     846190247    1966382846             -             0             - 
    587   3201        0     0       tick    1416061654    1998049083    2002089306    1416061654      76309561 
    588   3201        0     1       tick    1446872316    2002551237             -             0             - 
    589   3201        0     0       tick    1389528229    2000020755    2000097900    1389528229      90994345 
    590   3201        0     1       tick     954922832    2001492996             -             0             - 
    591   3201        0     0       tick     754244383    1972483760    1972459332     754244383      33685757 
    592   3201        0     1       tick    1415582784    1994837095             -             0             - 
    593   3201        0     0       tick    1442177960    2001886056    2001853644    1442177960      81849885 
    594   3201        0     1       tick    1424537829    1998633064             -             0             - 
    595   3201        0     0       tick    1015364612    2000791230    2000851332    1015364612      91186214 
    596   3201        0     1       tick     712719972    1998441896             -             0             - 
    597   3201        0     0       tick    1371437908    1970105743    1970216724    1371437908      84697757 
    598   3201        0     1       tick    1426224989    2002511655             -             0             - 
    599   3201        0     0       tick    1435954924    2002111865    2002133850    1435954924      81055013 
    600   3201        0     1       exit     126881990     162892800             -             0             - 
