[Event-to-counter mappings]
pmc0=instr_retired_fixed(0),instr(1)
pmc1=unhalted_core_cycles_fixed(0),cycles(1)
pmc2=unhalted_ref_cycles_fixed(0)
pmc3=llc_misses(0),l2_misses(1)
pmc4=branch_instr_retired(0)
[Event counts]
nsample    pid coretype expid      event          pmc0          pmc1          pmc2          pmc3          pmc4
      1   2436        0     0       tick     758715437    1364151036    1366518408     758715437      89365238 
      2   2436        0     1       tick     735994740    1946324293             -             0             - 
      3   2436        0     0       tick    1183358509    1942903375    1942940184    1183358509      62316737 
      4   2436        0     1       tick    1175326963    1974085137             -             0             - 
      5   2436        0     0       tick     786636352    1982363159    1982352102     786636352      21799711 
      6   2436        0     1       tick    1346675272    1966398442             -             0             - 
      7   2436        0     0       tick    2839996845    1992639081    1993038006    2839996845     406904264 
      8   2436        0     1       tick    2905869530    1986510368             -             0             - 
      9   2436        0     0       tick    2866823641    2006666760    2008936770    2866823641     409184673 
     10   2436        0     1       tick    2969683817    2010613317             -             0             - 
     11   2436        0     0       tick    2833977616    1993376241    1993393122    2833977616     404880220 
     12   2436        0     1       tick    2963443614    2009798645             -             0             - 
     13   2436        0     0       tick    1645208130    2005025049    2005020204    1645208130     187393558 
     14   2436        0     1       tick     992867595    1967331890             -             0             - 
     15   2436        0     0       tick    1872005699    2002534280    2002397712    1872005699     194611233 
     16   2436        0     1       tick    2953897071    2002861123             -             0             - 
     17   2436        0     0       tick    2973060612    2010845860    2010851298    2973060612     430702753 
     18   2436        0     1       tick    2902594991    2009934889             -             0             - 
     19   2436        0     0       tick    2972137371    2010929793    2010929520    2972137371     430540830 
     20   2436        0     1       tick    2881520477    1990278977             -             0             - 
     21   2436        0     0       tick    2966996180    2010415404    2010420198    2966996180     429723242 
     22   2436        0     1       tick    2829483071    1993259271             -             0             - 
     23   2436        0     0       tick     725036629    1981270182    1981320474     725036629      21403492 
     24   2436        0     1       tick    1276948800    1967605854             -             0             - 
     25   2436        0     0       tick    2533824969    1988560035    1990462440    2533824969     350912713 
     26   2436        0     1       tick    2930457276    1992719372             -             0             - 
     27   2436        0     0       tick    2896435581    2009722638    2009728122    2896435581     417826296 
     28   2436        0     1       tick    2915841410    1989018450             -             0             - 
     29   2436        0     0       tick    2883745232    2009934950    2009916312    2883745232     415737417 
     30   2436        0     1       tick    2955198854    2010653150             -             0             - 
     31   2436        0     0       tick    1670374291    2005351707    2005345470    1670374291     194613848 
     32   2436        0     1       tick     949464308    1967162942             -             0             - 
     33   2436        0     0       tick    1420323642    1980012417    1983890532    1420323642      80423855 
     34   2436        0     1       tick    2782961939    2010784332             -             0             - 
     35   2436        0     0       tick    2964077185    2010771552    2010772152    2964077185     431383555 
     36   2436        0     1       tick    2932445862    2010553219             -             0             - 
     37   2436        0     0       tick    2968885745    2010357640    2010344508    2968885745     431375794 
     38   2436        0     1       tick    2968980561    2011029116             -             0             - 
     39   2436        0     0       tick    2905549664    1995798547    2001787476    2905549664     419216325 
     40   2436        0     1       tick    2969085716    2010352535             -             0             - 
     41   2436        0     0       tick    2972368726    2010192208    2010191232    2972368726     431908854 
     42   2436        0     1       tick    1167324084    1978683152             -             0             - 
     43   2436        0     0       tick    1078459499    1967693993    1967668584    1078459499      58122465 
     44   2436        0     1       tick    1558073240    2000711772             -             0             - 
     45   2436        0     0       tick    2994379785    2010606517    2010620160    2994379785     433314006 
     46   2436        0     1       tick    2991223307    2002832330             -             0             - 
     47   2436        0     0       tick    2987389243    2010830055    2010848178    2987389243     432067130 
     48   2436        0     1       tick    2924118962    2010055513             -             0             - 
     49   2436        0     0       tick    2970051362    1994599371    1994600682    2970051362     429479066 
     50   2436        0     1       tick    2964674144    1994957107             -             0             - 
     51   2436        0     0       tick    2999978543    2010310247    2010310284    2999978543     433785550 
     52   2436        0     1       tick    2931295516    2010084894             -             0             - 
     53   2436        0     0       tick    3005554691    2010285443    2010292020    3005554691     434489056 
     54   2436        0     1       tick    2997618287    2010313057             -             0             - 
     55   2436        0     0       tick    2964800370    1994441885    1994459874    2964800370     428713977 
     56   2436        0     1       tick    1502308611    1996661751             -             0             - 
     57   2436        0     0       tick     932261918    1948250011    1950235014     932261918      47368794 
     58   2436        0     1       tick    1438003745    1986138648             -             0             - 
     59   2436        0     0       tick    2267664941    2004967461    2004943074    2267664941     283718991 
     60   2436        0     1       tick    2986950643    2010392350             -             0             - 
     61   2436        0     0       tick    2998221152    2010382221    2010378450    2998221152     434069216 
     62   2436        0     1       tick    2980632147    2001729604             -             0             - 
     63   2436        0     0       tick    2950187336    2010693750    2010732894    2950187336     424989600 
     64   2436        0     1       tick    2988979992    2011177772             -             0             - 
     65   2436        0     0       tick    2980940440    2010442732    2010461706    2980940440     431655514 
     66   2436        0     1       tick    2965149628    2004231696             -             0             - 
     67   2436        0     0       tick    2954958573    2002772180    2002770924    2954958573     428249138 
     68   2436        0     1       tick    2911102444    1986785801             -             0             - 
     69   2436        0     0       tick    2992616603    2010366045    2010356868    2992616603     433458395 
     70   2436        0     1       tick    2998111941    2009981062             -             0             - 
     71   2436        0     0       tick    2949234980    2001382998    2002732560    2949234980     427525335 
     72   2436        0     1       tick    1792295977    2005886888             -             0             - 
     73   2436        0     0       tick     812636636    1957660453    1957672590     812636636      36847833 
     74   2436        0     1       tick    1433203108    1996045692             -             0             - 
     75   2436        0     0       tick    2071378815    1995642995    1995621378    2071378815     238624433 
     76   2436        0     1       tick    2993538714    2011089327             -             0             - 
     77   2436        0     0       tick    2952929642    1988633912    1994639382    2952929642     428125307 
     78   2436        0     1       tick    2979651531    1994488158             -             0             - 
     79   2436        0     0       tick    3004257314    2010868170    2010868452    3004257314     434852654 
     80   2436        0     1       tick    2987820838    2010974483             -             0             - 
     81   2436        0     0       tick    2998525743    2010008358    2010024348    2998525743     429549173 
     82   2436        0     1       tick    2992373959    2010158463             -             0             - 
     83   2436        0     0       tick    2987177949    2010696891    2010721362    2987177949     432997379 
     84   2436        0     1       tick    3006344746    2011009043             -             0             - 
     85   2436        0     0       tick    2987307549    2010986843    2010991500    2987307549     432234303 
     86   2436        0     1       tick    2976692152    2010495397             -             0             - 
     87   2436        0     0       tick    2968882709    1998272786    2002260534    2968882709     426348986 
     88   2436        0     1       tick    2983304419    2011147898             -             0             - 
     89   2436        0     0       tick    2986069391    2004610617    2009905044    2986069391     432703968 
     90   2436        0     1       tick    2996316306    2002769488             -             0             - 
     91   2436        0     0       tick    2988320111    1994527237    1994521140    2988320111     431987902 
     92   2436        0     1       tick    2980837055    2010518159             -             0             - 
     93   2436        0     0       tick    2980492346    2010186355    2010198348    2980492346     429075859 
     94   2436        0     1       tick     768183831    2001470035             -             0             - 
     95   2436        0     0       tick    1177819656    1967129555    1967184654    1177819656      70005658 
     96   2436        0     1       tick    1432716997    2002480306             -             0             - 
     97   2436        0     0       tick    2793266115    2007673035    2007542766    2793266115     402418053 
     98   2436        0     1       tick    2995313726    2010324401             -             0             - 
     99   2436        0     0       tick    2992304347    2010289291    2010310572    2992304347     433422961 
    100   2436        0     1       tick    2968252131    2011145655             -             0             - 
    101   2436        0     0       tick    3018527976    2010709827    2010715872    3018527976     437235112 
    102   2436        0     1       tick    2992554422    2010157349             -             0             - 
    103   2436        0     0       tick    2974101791    2010386384    2010396018    2974101791     429568131 
    104   2436        0     1       tick    2986348527    2010541865             -             0             - 
    105   2436        0     0       tick    3009262827    2010515591    2010510540    3009262827     435011226 
    106   2436        0     1       tick    2967820324    1987076231             -             0             - 
    107   2436        0     0       tick    2986355520    2010391924    2010389838    2986355520     433723376 
    108   2436        0     1       tick    2979524913    1992825026             -             0             - 
    109   2436        0     0       tick    3002604696    2010255703    2010269214    3002604696     434020864 
    110   2436        0     1       tick    2996900835    2010384279             -             0             - 
    111   2436        0     0       tick    2981719469    1994399442    1994422836    2981719469     429245674 
    112   2436        0     1       tick    3003523852    2010453153             -             0             - 
    113   2436        0     0       tick    2995323026    2010222052    2010210564    2995323026     433719630 
    114   2436        0     1       tick    2958801664    1994357408             -             0             - 
    115   2436        0     0       tick    2999994030    2010807148    2010806436    2999994030     434550472 
    116   2436        0     1       tick    3004992182    2010991630             -             0             - 
    117   2436        0     0       tick    3001055649    2010730510    2010729108    3001055649     433868801 
    118   2436        0     1       tick    1699962353    1981904414             -             0             - 
    119   2436        0     0       tick     842765497    1965412707    1965384660     842765497      40478024 
    120   2436        0     1       tick    1418812161    1981854732             -             0             - 
    121   2436        0     0       tick    1567586527    1979155596    1985053056    1567586527     127410511 
    122   2436        0     1       tick    3010467098    2010843676             -             0             - 
    123   2436        0     0       tick    3020256384    2010650803    2010655854    3020256384     436751190 
    124   2436        0     1       tick    2997055952    2011066910             -             0             - 
    125   2436        0     0       tick    2975701866    2010819243    2010830904    2975701866     436576025 
    126   2436        0     1       tick    3003595056    2011146907             -             0             - 
    127   2436        0     0       tick    3011605991    2010940249    2010957552    3011605991     436072187 
    128   2436        0     1       tick    3015736051    2011069636             -             0             - 
    129   2436        0     0       tick    2968883535    1986672888    1994630748    2968883535     429989681 
    130   2436        0     1       tick    3001147794    2010662158             -             0             - 
    131   2436        0     0       tick    2962952790    1994251281    1994240262    2962952790     432331060 
    132   2436        0     1       tick    2931319826    1986710918             -             0             - 
    133   2436        0     0       tick    3000861341    2010953234    2010962292    3000861341     436036701 
    134   2436        0     1       tick    3010838623    2010859473             -             0             - 
    135   2436        0     0       tick    3017213152    2010665188    2010704334    3017213152     435926579 
    136   2436        0     1       tick    2998908770    2011120113             -             0             - 
    137   2436        0     0       tick    3007991396    2009754353    2009775018    3007991396     435196149 
    138   2436        0     1       tick    2991635058    2011155697             -             0             - 
    139   2436        0     0       tick    2942082125    1988827682    1994832132    2942082125     431543712 
    140   2436        0     1       tick    3006657664    2010752903             -             0             - 
    141   2436        0     0       tick    3006871465    2010478438    2010480348    3006871465     435334177 
    142   2436        0     1       tick    2923179247    2010840680             -             0             - 
    143   2436        0     0       tick     686568355    1997384619    1997381232     686568355      21279484 
    144   2436        0     1       tick    1175311269    1969869082             -             0             - 
    145   2436        0     0       tick    1443620071    1994026543    1994004600    1443620071      83102238 
    146   2436        0     1       tick    2372018640    2004933397             -             0             - 
    147   2436        0     0       tick    2994328428    2010511246    2010512970    2994328428     434230403 
    148   2436        0     1       tick    2987188082    2010553323             -             0             - 
    149   2436        0     0       tick    2935685465    2009771211    2009779080    2935685465     430348168 
    150   2436        0     1       tick    2965095214    2010941541             -             0             - 
    151   2436        0     0       tick    3010720136    2010365750    2010363606    3010720136     436710398 
    152   2436        0     1       tick    3000344130    2010427428             -             0             - 
    153   2436        0     0       tick    3009813689    2010205946    2010234834    3009813689     436228077 
    154   2436        0     1       tick    2992481765    2010581020             -             0             - 
    155   2436        0     0       tick    2998811531    2010869759    2010901812    2998811531     435894859 
    156   2436        0     1       tick    2957127253    2011175787             -             0             - 
    157   2436        0     0       tick    2956870401    2010990440    2010973092    2956870401     433514713 
    158   2436        0     1       tick    3006017072    2010966807             -             0             - 
    159   2436        0     0       tick    3005070983    2010906106    2010910092    3005070983     435932003 
    160   2436        0     1       tick    3013709157    2011184021             -             0             - 
    161   2436        0     0       tick    2973434731    1992853387    1994347728    2973434731     431393082 
    162   2436        0     1       tick    3002777370    2010741830             -             0             - 
    163   2436        0     0       tick    2967451683    2010491328    2010493566    2967451683     434848962 
    164   2436        0     1       tick    2963987109    2010988531             -             0             - 
    165   2436        0     0       tick    3004249610    2010914604    2010892392    3004249610     436439629 
    166   2436        0     1       tick    3010736732    2009233366             -             0             - 
    167   2436        0     0       tick    2574057458    2008791676    2008796754    2574057458     357954315 
    168   2436        0     1       tick     695306525    1998189027             -             0             - 
    169   2436        0     0       tick    1281468280    1969870269    1969964058    1281468280      71998889 
    170   2436        0     1       tick    1449175846    2002652692             -             0             - 
    171   2436        0     0       tick    2037211751    1993134246    1995043596    2037211751     232850051 
    172   2436        0     1       tick    2982036166    1984436063             -             0             - 
    173   2436        0     0       tick    2997163292    2010157178    2010164130    2997163292     437015581 
    174   2436        0     1       tick    2933487272    2010513387             -             0             - 
    175   2436        0     0       tick    2961750096    2010784735    2010750252    2961750096     434981461 
    176   2436        0     1       tick    3010219216    2010766057             -             0             - 
    177   2436        0     0       tick    3014276357    2010054156    2010063660    3014276357     436878409 
    178   2436        0     1       tick    3005173988    2010060684             -             0             - 
    179   2436        0     0       tick    2962498379    1987633308    1993640970    2962498379     429845324 
    180   2436        0     1       tick    2960047127    2011038139             -             0             - 
    181   2436        0     0       tick    2921685085    2009977505    2009979498    2921685085     430421826 
    182   2436        0     1       tick    2989627351    2010551394             -             0             - 
    183   2436        0     0       tick    2975324531    1986870804    1994851350    2975324531     431143166 
    184   2436        0     1       tick    2986662710    1994300777             -             0             - 
    185   2436        0     0       tick    3020806515    2009851038    2009855322    3020806515     437920518 
    186   2436        0     1       tick    2998430553    2010551667             -             0             - 
    187   2436        0     0       tick    2928210666    2010862554    2010873402    2928210666     430853413 
    188   2436        0     1       tick    2937431414    2010377906             -             0             - 
    189   2436        0     0       tick    3003008053    2010342252    2010336294    3003008053     436886430 
    190   2436        0     1       tick    2983441461    1987078233             -             0             - 
    191   2436        0     0       tick    1780807809    2005672638    2005650552    1780807809     216994494 
    192   2436        0     1       tick     809279956    1973356324             -             0             - 
    193   2436        0     0       tick    1435338943    1995628153    1995598146    1435338943      80236783 
    194   2436        0     1       tick    1446838432    2001243444             -             0             - 
    195   2436        0     0       tick    2554046601    1996833274    1998085482    2554046601     347378330 
    196   2436        0     1       tick    3024540454    2010994404             -             0             - 
    197   2436        0     0       tick    2962704515    2010671637    2010676242    2962704515     435545314 
    198   2436        0     1       tick    2883523536    1994910868             -             0             - 
    199   2436        0     0       tick    2941342302    1986398873    1994376372    2941342302     431518229 
    200   2436        0     1       tick    3028531209    2010885277             -             0             - 
    201   2436        0     0       tick    2971028302    1991307881    1994015736    2971028302     429490330 
    202   2436        0     1       tick    2998709360    1995032751             -             0             - 
    203   2436        0     0       tick    2982089454    2010836229    2010830412    2982089454     437809288 
    204   2436        0     1       tick    2911938795    2011091325             -             0             - 
    205   2436        0     0       tick    2956130853    2010755685    2010745344    2956130853     434574239 
    206   2436        0     1       tick    3019172294    2010979140             -             0             - 
    207   2436        0     0       tick    3025939382    2010905488    2010923580    3025939382     437902834 
    208   2436        0     1       tick    3031587102    2010304887             -             0             - 
    209   2436        0     0       tick    3016686685    2010146209    2010131682    3016686685     439541264 
    210   2436        0     1       tick    2894672163    1990599385             -             0             - 
    211   2436        0     0       tick    2918207422    2010737632    2010705912    2918207422     429233889 
    212   2436        0     1       tick    2997724492    2010934582             -             0             - 
    213   2436        0     0       tick    3030718845    2010832356    2010842718    3030718845     438182886 
    214   2436        0     1       tick    1919983535    2006267211             -             0             - 
    215   2436        0     0       tick     766118005    1965226832    1965204450     766118005      34526277 
    216   2436        0     1       tick    1421372085    1978050828             -             0             - 
    217   2436        0     0       tick    1433539074    2001654818    2001685458    1433539074      79973378 
    218   2436        0     1       tick    2455435864    2006028579             -             0             - 
    219   2436        0     0       tick    2980107338    2010594081    2010592746    2980107338     436916464 
    220   2436        0     1       tick    2901573003    2010838325             -             0             - 
    221   2436        0     0       tick    2878796231    1994773073    1994764512    2878796231     423975529 
    222   2436        0     1       tick    2988458951    2011165975             -             0             - 
    223   2436        0     0       tick    3001592262    2011001411    2011000842    3001592262     434534507 
    224   2436        0     1       tick    2990460736    2011024088             -             0             - 
    225   2436        0     0       tick    2944073711    2010905236    2010931134    2944073711     434079670 
    226   2436        0     1       tick    2899045178    2010330508             -             0             - 
    227   2436        0     0       tick    2984814995    2010176277    2010190170    2984814995     438113542 
    228   2436        0     1       tick    3016306234    2010520629             -             0             - 
    229   2436        0     0       tick    2999670712    1988758095    1994780844    2999670712     434843138 
    230   2436        0     1       tick    2979808937    2010468114             -             0             - 
    231   2436        0     0       tick    2882941630    2010714713    2010727548    2882941630     422816912 
    232   2436        0     1       tick    2964931476    2010959183             -             0             - 
    233   2436        0     0       tick    2996379368    1996646261    2002642632    2996379368     435195327 
    234   2436        0     1       tick    2165316857    2007610154             -             0             - 
    235   2436        0     0       tick     709912700    1972839999    1972815120     709912700      24057545 
    236   2436        0     1       tick    1395129339    1980487944             -             0             - 
    237   2436        0     0       tick    1448740688    2001981660    2001930630    1448740688      83299995 
    238   2436        0     1       tick    2295326103    2004972170             -             0             - 
    239   2436        0     0       tick    2921701922    2010347632    2010341346    2921701922     431937298 
    240   2436        0     1       tick    2793864239    1994743978             -             0             - 
    241   2436        0     0       tick    2983159709    2003622230    2010353052    2983159709     436910461 
    242   2436        0     1       tick    2999234010    2010238553             -             0             - 
    243   2436        0     0       tick    2833066113    2009744758    2009773992    2833066113     420585063 
    244   2436        0     1       tick    2897936504    1994739532             -             0             - 
    245   2436        0     0       tick    3007819234    2010722682    2010740220    3007819234     438612608 
    246   2436        0     1       tick    2995285580    2010909225             -             0             - 
    247   2436        0     0       tick    2805930336    2010312287    2010317478    2805930336     416691070 
    248   2436        0     1       tick    2967565502    2010692110             -             0             - 
    249   2436        0     0       tick    2771045445    2009746184    2009757168    2771045445     394819497 
    250   2436        0     1       tick     673845892    1973662329             -             0             - 
    251   2436        0     0       tick    1218130202    1971217787    1971262194    1218130202      67339310 
    252   2436        0     1       tick    1435797592    2002565273             -             0             - 
    253   2436        0     0       tick    1421672178    2000049113    2000004138    1421672178      85486983 
    254   2436        0     1       tick    2876793087    2010998848             -             0             - 
    255   2436        0     0       tick    2747323463    2001299654    2001310392    2747323463     410624861 
    256   2436        0     1       tick    2990938103    2010542901             -             0             - 
    257   2436        0     0       tick    2709578244    1991087557    1993108614    2709578244     405277010 
    258   2436        0     1       tick    2973022984    2010391446             -             0             - 
    259   2436        0     0       tick    2936454390    2010467021    2010474360    2936454390     435779808 
    260   2436        0     1       tick    2718000064    1985705926             -             0             - 
    261   2436        0     0       tick    2222723852    2007655743    2007650562    2222723852     300292453 
    262   2436        0     1       tick     712624023    1995464624             -             0             - 
    263   2436        0     0       tick    1364157348    1952088571    1954137366    1364157348      84535299 
    264   2436        0     1       tick    1427070039    2001560800             -             0             - 
    265   2436        0     0       tick    1684458029    2001178043    2001191718    1684458029     154177939 
    266   2436        0     1       tick    2680681462    2010052845             -             0             - 
    267   2436        0     0       tick    2856997151    2010705921    2010728280    2856997151     427267699 
    268   2436        0     1       tick    2794554828    2010596363             -             0             - 
    269   2436        0     0       tick    2680755814    2009367519    2009354016    2680755814     401748126 
    270   2436        0     1       tick    1878145659    1998079329             -             0             - 
    271   2436        0     0       tick     763608415    1973133373    1973222508     763608415      34354427 
    272   2436        0     1       tick    1422116693    1979867052             -             0             - 
    273   2436        0     0       tick    1425619795    1985745921    1985681940    1425619795      79667263 
    274   2436        0     1       tick    1422760924    1999358949             -             0             - 
    275   2436        0     0       tick    2542983187    2009168014    2009176272    2542983187     380372677 
    276   2436        0     1       tick    2625409376    2008909118             -             0             - 
    277   2436        0     0       tick    2214254754    2007304801    2007304938    2214254754     316320152 
    278   2436        0     1       tick     682041869    1982079339             -             0             - 
    279   2436        0     0       tick    1268090522    1970069201    1970128440    1268090522      71033891 
    280   2436        0     1       tick    1447741131    2001803856             -             0             - 
    281   2436        0     0       tick    1427039611    1990630830    1993299480    1427039611      79722170 
    282   2436        0     1       tick    1568649105    2001926223             -             0             - 
    283   2436        0     0       tick    2159674921    2007314858    2007391422    2159674921     320572942 
    284   2436        0     1       tick     680513361    1998042608             -             0             - 
    285   2436        0     0       tick    1157402946    1970765085    1970796960    1157402946      60782271 
    286   2436        0     1       tick    1448036269    2002575797             -             0             - 
    287   2436        0     0       tick    1427665988    2001730767    2001726744    1427665988      78011011 
    288   2436        0     1       tick    1442239000    2002349288             -             0             - 
    289   2436        0     0       tick    1591145491    2001468400    2001410172    1591145491     212266921 
    290   2436        0     1       tick     661715144    1983526037             -             0             - 
    291   2436        0     0       tick    1159424624    1967366382    1967450604    1159424624      66279028 
    292   2436        0     1       tick    1446886187    2002356288             -             0             - 
    293   2436        0     0       tick    1422731166    2002611054    2002614978    1422731166      76338220 
    294   2436        0     1       tick    1449649911    2002516234             -             0             - 
    295   2436        0     0       tick    1335186274    2000326898    2000206302    1335186274     150420405 
    296   2436        0     1       tick     679579189    1998261494             -             0             - 
    297   2436        0     0       tick    1189308858    1962631980    1962738336    1189308858      63146272 
    298   2436        0     1       tick    1448555820    2002640030             -             0             - 
    299   2436        0     0       tick    1447585698    2002040149    2002015680    1447585698      83255461 
    300   2436        0     1       tick    1365944554    2000370530             -             0             - 
    301   2436        0     0       tick     883066466    1976174829    1976153832     883066466      64271720 
    302   2436        0     1       tick     845610027    1949498325             -             0             - 
    303   2436        0     0       tick    1420174704    2001806450    2001649314    1420174704      75841853 
    304   2436        0     1       tick    1451182843    2002374895             -             0             - 
    305   2436        0     0       tick    1446186190    2002365955    2002358628    1446186190      83120805 
    306   2436        0     1       tick    1308337281    1984036870             -             0             - 
    307   2436        0     0       tick     767464288    1984827492    1984801722     767464288      39812810 
    308   2436        0     1       tick     980804203    1965256055             -             0             - 
    309   2436        0     0       tick    1437601590    2001751289    2001743070    1437601590      80130603 
    310   2436        0     1       tick    1437493629    1985664218             -             0             - 
    311   2436        0     0       tick    1416705430    2001675406    2001670626    1416705430      75708085 
    312   2436        0     1       tick    1059925056    1987820907             -             0             - 
    313   2436        0     0       tick     693460977    1982357964    1982353188     693460977      20521767 
    314   2436        0     1       tick    1307763542    1970881326             -             0             - 
    315   2436        0     0       tick    1437436213    1986340589    1986289206    1437436213      82298707 
    316   2436        0     1       tick    1438315395    1986242804             -             0             - 
    317   2436        0     0       tick    1313376849    1999613034    1999470528    1313376849     105264446 
    318   2436        0     1       tick     755244978    2001162330             -             0             - 
    319   2436        0     0       tick     997438642    1951262482    1951230312     997438642      54714950 
    320   2436        0     1       tick    1428412448    1994150733             -             0             - 
    321   2436        0     0       tick    1444803390    2001550024    2001545844    1444803390      83147997 
    322   2436        0     1       tick    1435893420    1998406078             -             0             - 
    323   2436        0     0       tick    1026694032    2000797275    2000779068    1026694032      95588792 
    324   2436        0     1       tick     699744689    1986004427             -             0             - 
    325   2436        0     0       tick    1332547441    1946922020    1954863474    1332547441      81306830 
    326   2436        0     1       tick    1416271420    1985977899             -             0             - 
    327   2436        0     0       tick    1449552907    2002225901    2002187256    1449552907      83331146 
    328   2436        0     1       tick    1307077251    1999967438             -             0             - 
    329   2436        0     0       tick     737565359    1999991035    1999938192     737565359      32792928 
    330   2436        0     1       tick    1026368685    1966225241             -             0             - 
    331   2436        0     0       tick    1423956155    1985524356    1985539434    1423956155      79603059 
    332   2436        0     1       tick    1436522786    1986030331             -             0             - 
    333   2436        0     0       tick    1416405350    1975483069    1983422772    1416405350      80942946 
    334   2436        0     1       tick    1021977926    2001516039             -             0             - 
    335   2436        0     0       tick     706002242    1997993173    1997991726     706002242      20464521 
    336   2436        0     1       tick    1355007711    1961997874             -             0             - 
    337   2436        0     0       tick    1417117636    2000759994    2000729166    1417117636      75723767 
    338   2436        0     1       tick    1449460874    2002458711             -             0             - 
    339   2436        0     0       tick    1305024762    1999794326    1999692894    1305024762     109173373 
    340   2436        0     1       tick     720344993    2001352763             -             0             - 
    341   2436        0     0       tick    1043822025    1965409436    1965362772    1043822025      57361120 
    342   2436        0     1       tick    1449166028    2002263524             -             0             - 
    343   2436        0     0       tick    1421885290    1981791599    1985764362    1421885290      79522720 
    344   2436        0     1       tick    1412489245    1991034447             -             0             - 
    345   2436        0     0       tick    1001967257    1992322590    1992957474    1001967257      87816910 
    346   2436        0     1       tick     712220070    1998361557             -             0             - 
    347   2436        0     0       tick    1379620299    1970558878    1970626296    1379620299      85322245 
    348   2436        0     1       tick    1437445486    1994512375             -             0             - 
    349   2436        0     0       tick    1428394693    2002431744    2002461282    1428394693      77614832 
    350   2436        0     1       tick    1089013230    1998888416             -             0             - 
    351   2436        0     0       tick     691629978    1998481243    1998481026     691629978      20459588 
    352   2436        0     1       tick    1278812262    1953716616             -             0             - 
    353   2436        0     0       tick    1439834227    1985978066    1985915166    1439834227      82955450 
    354   2436        0     1       tick    1433906483    2001147356             -             0             - 
    355   2436        0     0       tick    1197348258    1998829474    1998758676    1197348258     111858950 
    356   2436        0     1       tick     672336894    1980198200             -             0             - 
    357   2436        0     0       tick    1190784333    1971133336    1971122592    1190784333      63080651 
    358   2436        0     1       tick    1448080122    2002077552             -             0             - 
    359   2436        0     0       tick    1446948575    2001977953    2001995262    1446948575      83230566 
    360   2436        0     1       tick    1249989138    1983563480             -             0             - 
    361   2436        0     0       tick     647183491    2000585042    2000604744     647183491      14447114 
    362   2436        0     1       tick    1161581355    1966295113             -             0             - 
    363   2436        0     0       tick    1418841495    2002237283    2002211124    1418841495      75790300 
    364   2436        0     1       tick    1451594973    2002355565             -             0             - 
    365   2436        0     0       tick    1110859879    1999075538    1999024566    1110859879     104250341 
    366   2436        0     1       tick     686414728    1998143211             -             0             - 
    367   2436        0     0       tick    1264134553    1954558338    1954604388    1264134553      71140212 
    368   2436        0     1       tick    1448889199    2001929916             -             0             - 
    369   2436        0     0       tick    1389088620    1999484356    1999484088    1389088620      89040238 
    370   2436        0     1       tick     959680509    1984733016             -             0             - 
    371   2436        0     0       tick     724165175    1971818239    1971834798     724165175      32010226 
    372   2436        0     1       tick    1417876826    1995686814             -             0             - 
    373   2436        0     0       tick    1436239435    1983954194    1985945448    1436239435      82816824 
    374   2436        0     1       tick    1339346612    1999124585             -             0             - 
    375   2436        0     0       tick     832368980    2000404590    2000371128     832368980      51726016 
    376   2436        0     1       tick     894735624    1966600910             -             0             - 
    377   2436        0     0       tick    1447160337    2002267324    2002295022    1447160337      83238886 
    378   2436        0     1       tick    1419912430    2002414792             -             0             - 
    379   2436        0     0       tick    1087717650    1997229740    1997194584    1087717650     102813707 
    380   2436        0     1       tick     691873422    1997495031             -             0             - 
    381   2436        0     0       tick    1276378002    1946729985    1954826244    1276378002      72393932 
    382   2436        0     1       tick    1449079519    2002570355             -             0             - 
    383   2436        0     0       tick    1438555962    2002355826    2002313964    1438555962      81425709 
    384   2436        0     1       tick    1179979537    1981414150             -             0             - 
    385   2436        0     0       tick     677323282    1998015950    1997978352     677323282      20843776 
    386   2436        0     1       tick    1193363024    1969366650             -             0             - 
    387   2436        0     0       tick    1446789741    2002193410    2002269102    1446789741      82812259 
    388   2436        0     1       tick    1447989651    2002202312             -             0             - 
    389   2436        0     0       tick    1259827223    1999327305    1999332942    1259827223     112504928 
    390   2436        0     1       tick     648745341    2000873773             -             0             - 
    391   2436        0     0       tick    1153259927    1951867132    1951850418    1153259927      68800726 
    392   2436        0     1       tick    1405335318    1986588774             -             0             - 
    393   2436        0     0       tick    1445775677    1993606100    1993517418    1445775677      83185466 
    394   2436        0     1       tick    1304975900    1999905309             -             0             - 
    395   2436        0     0       tick     720565401    2001075004    2001084246     720565401      29293129 
    396   2436        0     1       tick    1033936134    1951082001             -             0             - 
    397   2436        0     0       tick    1448471862    2001707695    2001640410    1448471862      83289472 
    398   2436        0     1       tick    1434408257    2002566950             -             0             - 
    399   2436        0     0       tick    1332647461    2000188148    2000164188    1332647461     103119112 
    400   2436        0     1       tick     795258776    2000915351             -             0             - 
    401   2436        0     0       tick     942899855    1966561525    1966596966     942899855      48780481 
    402   2436        0     1       tick    1447662323    2001163813             -             0             - 
    403   2436        0     0       tick    1429194788    1979531060    1993326966    1429194788      81484578 
    404   2436        0     1       tick    1342021198    1983822603             -             0             - 
    405   2436        0     0       tick     875932911    2000660491    2000694060     875932911      60305054 
    406   2436        0     1       tick     834989837    1967014697             -             0             - 
    407   2436        0     0       tick    1427789388    2001562858    2001534162    1427789388      77659178 
    408   2436        0     1       tick    1450555303    2002166001             -             0             - 
    409   2436        0     0       tick    1304511698    1999294755    1999260612    1304511698     107060174 
    410   2436        0     1       tick     736813174    2000021427             -             0             - 
    411   2436        0     0       tick    1026293875    1966841286    1966821978    1026293875      56282252 
    412   2436        0     1       tick    1447321254    2002551006             -             0             - 
    413   2436        0     0       tick    1422510476    1985732174    1993651542    1422510476      79546896 
    414   2436        0     1       tick    1336535786    2000121513             -             0             - 
    415   2436        0     0       tick     813213650    2000859785    2000864628     813213650      47873376 
    416   2436        0     1       tick     921910244    1967191532             -             0             - 
    417   2436        0     0       tick    1448626277    2002201884    2002211880    1448626277      83295313 
    418   2436        0     1       tick    1426926900    2002731299             -             0             - 
    419   2436        0     0       tick    1369884189    1999855746    1999930248    1369884189      97871456 
    420   2436        0     1       tick     884221237    2000704742             -             0             - 
    421   2436        0     0       tick     824716334    1970591052    1970673120     824716334      38489421 
    422   2436        0     1       tick    1433744685    1999161055             -             0             - 
    423   2436        0     0       tick    1448149372    2002245319    2002263276    1448149372      83277131 
    424   2436        0     1       tick    1377720646    1983776516             -             0             - 
    425   2436        0     0       tick     954074743    1984006788    1983978006     954074743      76749004 
    426   2436        0     1       tick     728559822    1973387928             -             0             - 
    427   2436        0     0       tick    1420226132    1995500690    1995413796    1420226132      76913489 
    428   2436        0     1       tick    1447851279    2002487462             -             0             - 
    429   2436        0     0       tick    1432057938    1999730382    1999656312    1432057938      81699517 
    430   2436        0     1       tick    1022534251    2002014795             -             0             - 
    431   2436        0     0       tick     704674881    1998166143    1998113268     704674881      20453647 
    432   2436        0     1       tick    1359484876    1971147552             -             0             - 
    433   2436        0     0       tick    1405902372    1984992274    1984962636    1405902372      75289809 
    434   2436        0     1       tick    1433724449    1977637677             -             0             - 
    435   2436        0     0       tick    1127765846    1982737902    1982779848    1127765846     105548880 
    436   2436        0     1       tick     679028441    1998097840             -             0             - 
    437   2436        0     0       tick    1250100206    1969269965    1969365600    1250100206      69627129 
    438   2436        0     1       tick    1438010999    2002278209             -             0             - 
    439   2436        0     0       tick    1445507111    2001622496    2001604872    1445507111      82487050 
    440   2436        0     1       tick    1334697984    2000139949             -             0             - 
    441   2436        0     0       tick     811148452    2000746108    2000808444     811148452      47517358 
    442   2436        0     1       tick     924015120    1967430622             -             0             - 
    443   2436        0     0       tick    1425626358    1969992299    1969985562    1425626358      82406284 
    444   2436        0     1       tick    1407864469    1986365249             -             0             - 
    445   2436        0     0       tick    1451256096    2001494520    2001551208    1451256096      83397138 
    446   2436        0     1       tick    1119584992    1998707542             -             0             - 
    447   2436        0     0       tick     682977415    1996608411    1996597308     682977415      20498690 
    448   2436        0     1       tick    1253845770    1954054341             -             0             - 
    449   2436        0     0       tick    1446696509    2000661181    2000672538    1446696509      83221074 
    450   2436        0     1       tick    1424454794    1984245986             -             0             - 
    451   2436        0     0       tick    1413218730    1983403525    1983452232    1413218730      83361286 
    452   2436        0     1       tick    1013456984    2000965099             -             0             - 
    453   2436        0     0       tick     699044511    1974124927    1974119310     699044511      20343999 
    454   2436        0     1       tick    1353713988    1954673563             -             0             - 
    455   2436        0     0       tick    1416927912    2002447754    2002467258    1416927912      75716562 
    456   2436        0     1       tick    1449983637    2002359292             -             0             - 
    457   2436        0     0       tick    1373982578    1981825322    1983865980    1373982578      91918807 
    458   2436        0     1       tick     938083152    2000263545             -             0             - 
    459   2436        0     0       tick     759464210    1973269011    1973239440     759464210      34154705 
    460   2436        0     1       tick    1433696084    1995172454             -             0             - 
    461   2436        0     0       tick    1434312696    2002391409    2002431492    1434312696      80003552 
    462   2436        0     1       tick    1419014477    2000325226             -             0             - 
    463   2436        0     0       tick    1006044216    2000890731    2001010266    1006044216      88138848 
    464   2436        0     1       tick     702372921    1973271276             -             0             - 
    465   2436        0     0       tick    1375823210    1970959836    1971022440    1375823210      84950661 
    466   2436        0     1       tick    1436790295    2002526788             -             0             - 
    467   2436        0     0       tick    1434606056    2001970675    2001998418    1434606056      79457524 
    468   2436        0     1       tick    1090955585    1983859857             -             0             - 
    469   2436        0     0       tick     681849750    1981571039    1981551024     681849750      20470163 
    470   2436        0     1       tick    1275156387    1970105459             -             0             - 
    471   2436        0     0       tick    1449126880    2002226246    2002301328    1449126880      83314672 
    472   2436        0     1       tick    1435414697    2002666499             -             0             - 
    473   2436        0     0       tick    1200498003    1981283679    1983291066    1200498003     112705661 
    474   2436        0     1       tick     672940098    1981431647             -             0             - 
    475   2436        0     0       tick    1169450150    1962384107    1962385998    1169450150      61801075 
    476   2436        0     1       tick    1436823957    1986055251             -             0             - 
    477   2436        0     0       tick    1435084761    1999775685    1999828584    1435084761      80220280 
    478   2436        0     1       tick    1028450459    1991577241             -             0             - 
    479   2436        0     0       tick     700837055    1997119772    1997109372     700837055      20500250 
    480   2436        0     1       tick    1342970889    1970032142             -             0             - 
    481   2436        0     0       tick    1424713505    2002151441    2002106508    1424713505      76707938 
    482   2436        0     1       tick    1437623728    1983751876             -             0             - 
    483   2436        0     0       tick    1140229789    1998430496    1998441360    1140229789     106348628 
    484   2436        0     1       tick     670826111    1973523257             -             0             - 
    485   2436        0     0       tick    1242196543    1970611197    1970679216    1242196543      69008936 
    486   2436        0     1       tick    1434481846    2002544746             -             0             - 
    487   2436        0     0       tick    1448325099    2001745960    2001756948    1448325099      83283924 
    488   2436        0     1       tick    1417552980    1980170403             -             0             - 
    489   2436        0     0       tick    1019580372    1983365935    1985320200    1019580372      94291596 
    490   2436        0     1       tick     703092619    1998545131             -             0             - 
    491   2436        0     0       tick    1336737823    1952664221    1954756122    1336737823      82086195 
    492   2436        0     1       tick    1423157210    2002564404             -             0             - 
    493   2436        0     0       tick    1450131772    2002164571    2002133316    1450131772      83353920 
    494   2436        0     1       tick    1307556743    1999946387             -             0             - 
    495   2436        0     0       tick     734818107    2000836010    2000818350     734818107      32110277 
    496   2436        0     1       tick    1031460426    1967444026             -             0             - 
    497   2436        0     0       tick    1447164074    2002385118    2002361646    1447164074      83239155 
    498   2436        0     1       tick    1437248128    2002328747             -             0             - 
    499   2436        0     0       tick    1438145123    1986160573    1986094152    1438145123      82890391 
    500   2436        0     1       tick    1257460554    1999303540             -             0             - 
    501   2436        0     0       tick     637787694    1984861834    1984847040     637787694      13522451 
    502   2436        0     1       tick    1164149086    1967181000             -             0             - 
    503   2436        0     0       tick    1404597108    1981705887    1986382614    1404597108      75239338 
    504   2436        0     1       tick    1450257077    2002490077             -             0             - 
    505   2436        0     0       tick    1373150247    1978322014    1983345228    1373150247      92725487 
    506   2436        0     1       tick     934851016    2000348903             -             0             - 
    507   2436        0     0       tick     768136651    1973663176    1973682222     768136651      34659942 
    508   2436        0     1       tick    1417477448    1970815246             -             0             - 
    509   2436        0     0       tick    1434281460    2001628058    2001598074    1434281460      80002342 
    510   2436        0     1       tick    1448254253    2001563558             -             0             - 
    511   2436        0     0       tick    1260032021    1999233172    1999210344    1260032021     114554120 
    512   2436        0     1       tick     655380582    1998982560             -             0             - 
    513   2436        0     0       tick    1158575188    1967955562    1968008916    1158575188      65898166 
    514   2436        0     1       tick    1427053386    1985977117             -             0             - 
    515   2436        0     0       tick    1421799491    1991287755    1993263408    1421799491      78026482 
    516   2436        0     1       tick    1289110902    1978624195             -             0             - 
    517   2436        0     0       tick     711728026    2000515775    2000491326     711728026      27519605 
    518   2436        0     1       tick    1048238764    1951785397             -             0             - 
    519   2436        0     0       tick    1437552655    1985666065    1985568924    1437552655      82867221 
    520   2436        0     1       tick    1434887137    2002449749             -             0             - 
    521   2436        0     0       tick    1332438359    1999987155    1999918428    1332438359     104115636 
    522   2436        0     1       tick     791771706    2001385393             -             0             - 
    523   2436        0     0       tick     950734750    1966425914    1966449600     950734750      49239310 
    524   2436        0     1       tick    1436073313    1986664408             -             0             - 
    525   2436        0     0       tick    1441900985    1994275493    1994298648    1441900985      83035503 
    526   2436        0     1       tick    1350013854    2000357216             -             0             - 
    527   2436        0     0       tick     866179690    1991713090    1991698668     866179690      58831203 
    528   2436        0     1       tick     843554959    1950796367             -             0             - 
    529   2436        0     0       tick    1421519806    2002427855    2002425120    1421519806      76017854 
    530   2436        0     1       tick    1448936661    2002351474             -             0             - 
    531   2436        0     0       tick    1388247105    1999247752    1999228134    1388247105      91692284 
    532   2436        0     1       tick     950037567    2001119583             -             0             - 
    533   2436        0     0       tick     745858460    1956233676    1956262560     745858460      33472613 
    534   2436        0     1       tick    1421613379    1987363530             -             0             - 
    535   2436        0     0       tick    1427624906    1986045015    1986032700    1427624906      80592137 
    536   2436        0     1       tick    1417434394    1984120069             -             0             - 
    537   2436        0     0       tick    1020390816    1983211473    1985187366    1020390816      93553545 
    538   2436        0     1       tick     699701079    1982531114             -             0             - 
    539   2436        0     0       tick    1349443507    1963877003    1969958436    1349443507      83091653 
    540   2436        0     1       tick    1418923517    2001251038             -             0             - 
    541   2436        0     0       tick    1441106045    1986392563    1986317178    1441106045      83004760 
    542   2436        0     1       tick    1133919427    1990848130             -             0             - 
    543   2436        0     0       tick     675323610    1982162867    1982153784     675323610      20429851 
    544   2436        0     1       tick    1243537542    1952968924             -             0             - 
    545   2436        0     0       tick    1414874729    1977079706    1977062220    1414874729      79251618 
    546   2436        0     1       tick    1437819743    1986249364             -             0             - 
    547   2436        0     0       tick    1260516090    1999081052    1999093050    1260516090     115989867 
    548   2436        0     1       tick     663234958    1998034783             -             0             - 
    549   2436        0     0       tick    1154912023    1969785456    1969844460    1154912023      62842670 
    550   2436        0     1       tick    1447505196    2000987933             -             0             - 
    551   2436        0     0       tick    1417478757    2001258805    2001265584    1417478757      75737604 
    552   2436        0     1       tick    1304019606    1999169019             -             0             - 
    553   2436        0     0       tick     683370821    2000846305    2000832414     683370821      21762431 
    554   2436        0     1       tick    1091741416    1967335892             -             0             - 
    555   2436        0     0       tick    1449452751    2002081268    2002038180    1449452751      83327402 
    556   2436        0     1       tick    1434039470    1977986022             -             0             - 
    557   2436        0     0       tick    1391363809    1998892758    1998810288    1391363809      88287852 
    558   2436        0     1       tick     975240620    2000870214             -             0             - 
    559   2436        0     0       tick     723938318    1973062003    1973179596     723938318      31989316 
    560   2436        0     1       tick    1414194568    1986931801             -             0             - 
    561   2436        0     0       tick    1448767995    2001885474    2001822654    1448767995      83300923 
    562   2436        0     1       tick    1435176192    1999893851             -             0             - 
    563   2436        0     0       tick    1032791790    2001429028    2001418764    1032791790      96362108 
    564   2436        0     1       tick     703764675    1998180000             -             0             - 
    565   2436        0     0       tick    1352690345    1970654175    1970668236    1352690345      83133847 
    566   2436        0     1       tick    1418873434    2002606179             -             0             - 
    567   2436        0     0       tick    1435309347    1977529845    1985492412    1435309347      82780729 
    568   2436        0     1       tick    1136864751    1999547700             -             0             - 
    569   2436        0     0       tick     681157107    1998270245    1998257352     681157107      20578911 
    570   2436        0     1       tick    1257932455    1971342531             -             0             - 
    571   2436        0     0       tick    1441943896    1994251295    1994278530    1441943896      83037032 
    572   2436        0     1       tick    1384369954    1984376358             -             0             - 
    573   2436        0     0       tick     987543580    1989954771    1992607740     987543580      83103526 
    574   2436        0     1       tick     709871826    1978724946             -             0             - 
    575   2436        0     0       tick    1406754708    1989679163    1989748638    1406754708      79587631 
    576   2436        0     1       tick    1431374473    1978273021             -             0             - 
    577   2436        0     0       tick    1418013841    2002231908    2002187640    1418013841      75758811 
    578   2436        0     1       tick    1073084925    1980663108             -             0             - 
    579   2436        0     0       tick     694037553    1998053831    1998037332     694037553      20543586 
    580   2436        0     1       tick    1293421235    1970759025             -             0             - 
    581   2436        0     0       tick    1450885760    2002370191    2002397526    1450885760      83383206 
    582   2436        0     1       tick    1449650239    2002166790             -             0             - 
    583   2436        0     0       tick    1166152242    1998978487    1998811698    1166152242     108038291 
    584   2436        0     1       tick     678105141    1997661983             -             0             - 
    585   2436        0     0       tick    1216954272    1954361748    1954396716    1216954272      67592674 
    586   2436        0     1       tick    1424130650    1985886591             -             0             - 
    587   2436        0     0       tick    1437924042    1986258157    1993592652    1437924042      82881712 
    588   2436        0     1       tick    1249827160    1983765858             -             0             - 
    589   2436        0     0       tick     647105155    2000855284    2000867100     647105155      14508805 
    590   2436        0     1       tick    1164398375    1967603432             -             0             - 
    591   2436        0     0       tick    1424579408    2002345279    2002255248    1424579408      77101760 
    592   2436        0     1       tick    1445784293    2002083893             -             0             - 
    593   2436        0     0       tick    1301888636    1999287974    1999179744    1301888636     111144699 
    594   2436        0     1       tick     712409779    2000815576             -             0             - 
    595   2436        0     0       tick    1046741422    1951770055    1951788702    1046741422      57762096 
    596   2436        0     1       tick    1447576107    2002311422             -             0             - 
    597   2436        0     0       tick    1420810250    1980261467    1986204204    1420810250      79481535 
    598   2436        0     1       tick    1332427199    2000098593             -             0             - 
    599   2436        0     0       tick     793309872    1999837010    1999817286     793309872      44092331 
    600   2436        0     1       tick     944830317    1967664617             -             0             - 
    601   2436        0     0       tick    1437982030    1986155076    1986159648    1437982030      82884473 
    602   2436        0     1       tick    1436192388    1991693586             -             0             - 
    603   2436        0     0       exit    1018815614    1423093604    1425093456    1018815614      56223219 
