[Event-to-counter mappings]
pmc0=instr_retired_fixed(0),instr(1)
pmc1=unhalted_core_cycles_fixed(0),cycles(1)
pmc2=unhalted_ref_cycles_fixed(0)
pmc3=llc_misses(0),l2_misses(1)
pmc4=branch_instr_retired(0)
[Event counts]
nsample    pid coretype expid      event          pmc0          pmc1          pmc2          pmc3          pmc4
      1   2235        0     0       tick     743279638    1370436768    1377164622     743279638      87441720 
      2   2235        0     1       tick     743599790    1945805088             -             0             - 
      3   2235        0     0       tick    1164946093    1922981318    1925079468    1164946093      61329567 
      4   2235        0     1       tick    1175210892    1938394720             -             0             - 
      5   2235        0     0       tick     776363492    1983932941    1983914946     776363492      21488470 
      6   2235        0     1       tick    1344057460    1969045143             -             0             - 
      7   2235        0     0       tick    2759685501    1989562396    2000829522    2759685501     395189643 
      8   2235        0     1       tick    2961227712    2010447567             -             0             - 
      9   2235        0     0       tick    2850824511    2008861956    2008882962    2850824511     407000509 
     10   2235        0     1       tick    2966328274    2010334606             -             0             - 
     11   2235        0     0       tick    2871314747    2009777187    2009862654    2871314747     410295137 
     12   2235        0     1       tick    2979081714    2010748182             -             0             - 
     13   2235        0     0       tick    1665793081    2005106434    2005113252    1665793081     190963616 
     14   2235        0     1       tick     982691572    1967726419             -             0             - 
     15   2235        0     0       tick    1835761038    1986623322    1986587874    1835761038     187804798 
     16   2235        0     1       tick    2949079600    2010954668             -             0             - 
     17   2235        0     0       tick    2957969875    2010791145    2010784674    2957969875     428735496 
     18   2235        0     1       tick    2890984850    2005819805             -             0             - 
     19   2235        0     0       tick    2967897846    2010832417    2010853788    2967897846     430110122 
     20   2235        0     1       tick    2915864231    2010173436             -             0             - 
     21   2235        0     0       tick    2974337174    2010615153    2010649044    2974337174     430671492 
     22   2235        0     1       tick    2863165298    2007578751             -             0             - 
     23   2235        0     0       tick     729830701    1996036276    1995967512     729830701      21477970 
     24   2235        0     1       tick    1267842559    1970688032             -             0             - 
     25   2235        0     0       tick    2519630079    1988126128    1988216940    2519630079     347789469 
     26   2235        0     1       tick    2935160100    2006242114             -             0             - 
     27   2235        0     0       tick    2871369884    2004385682    2006633106    2871369884     414159337 
     28   2235        0     1       tick    2896303873    1987247053             -             0             - 
     29   2235        0     0       tick    2839555268    1990043808    1991586906    2839555268     409413305 
     30   2235        0     1       tick    2912850218    1992282635             -             0             - 
     31   2235        0     0       tick    1783587060    2005464450    2005394988    1783587060     215236702 
     32   2235        0     1       tick     908010742    1967803366             -             0             - 
     33   2235        0     0       tick    1421224194    2001975940    2001905142    1421224194      75882312 
     34   2235        0     1       tick    2729829537    2007983483             -             0             - 
     35   2235        0     0       tick    2974965647    2010904145    2010929010    2974965647     433058076 
     36   2235        0     1       tick    2908975560    1993560971             -             0             - 
     37   2235        0     0       tick    2979333057    2010165274    2010178788    2979333057     432557384 
     38   2235        0     1       tick    2965068547    2010314515             -             0             - 
     39   2235        0     0       tick    2917369070    2009345792    2009374452    2917369070     420958699 
     40   2235        0     1       tick    2926687307    1985452862             -             0             - 
     41   2235        0     0       tick    2955152995    2009661508    2009694480    2955152995     429542678 
     42   2235        0     1       tick    1307122903    1995526755             -             0             - 
     43   2235        0     0       tick    1033353170    1967154412    1967148294    1033353170      55522730 
     44   2235        0     1       tick    1465388899    2000956717             -             0             - 
     45   2235        0     0       tick    2986742179    2010321766    2010329022    2986742179     431898010 
     46   2235        0     1       tick    2976239619    1994897169             -             0             - 
     47   2235        0     0       tick    2982354742    2009741667    2009746356    2982354742     431246438 
     48   2235        0     1       tick    2926033146    2009948129             -             0             - 
     49   2235        0     0       tick    2990286200    2010748440    2010755496    2990286200     432827832 
     50   2235        0     1       tick    2961862873    1986758587             -             0             - 
     51   2235        0     0       tick    2983951871    2009845524    2009856486    2983951871     431515112 
     52   2235        0     1       tick    2935683454    2010576815             -             0             - 
     53   2235        0     0       tick    3002888747    2010751357    2010743388    3002888747     434177267 
     54   2235        0     1       tick    2990429757    2010196284             -             0             - 
     55   2235        0     0       tick    2994787211    2010759356    2010769710    2994787211     433036372 
     56   2235        0     1       tick    1624465466    1980842485             -             0             - 
     57   2235        0     0       tick     891840098    1966739541    1966701156     891840098      44805155 
     58   2235        0     1       tick    1421295577    2001489411             -             0             - 
     59   2235        0     0       tick    2211148368    2004340659    2004413184    2211148368     271716320 
     60   2235        0     1       tick    2977833686    2010722719             -             0             - 
     61   2235        0     0       tick    2996151557    2010911875    2010929532    2996151557     433748449 
     62   2235        0     1       tick    2985137771    2010505684             -             0             - 
     63   2235        0     0       tick    2916759723    1987538043    1993562868    2916759723     420212311 
     64   2235        0     1       tick    2978929196    2010349941             -             0             - 
     65   2235        0     0       tick    2995794977    2010626818    2010644958    2995794977     433890134 
     66   2235        0     1       tick    2992324989    2010758651             -             0             - 
     67   2235        0     0       tick    2979224833    2011066514    2011056816    2979224833     432173822 
     68   2235        0     1       tick    2950166882    2010872343             -             0             - 
     69   2235        0     0       tick    2952265901    1986219973    1994851122    2952265901     427668326 
     70   2235        0     1       tick    2994893745    2010648267             -             0             - 
     71   2235        0     0       tick    2982611647    2010441735    2010431646    2982611647     432507957 
     72   2235        0     1       tick    1874667829    2005921394             -             0             - 
     73   2235        0     0       tick     801934465    1974207801    1974182898     801934465      36049798 
     74   2235        0     1       tick    1431885155    1995781934             -             0             - 
     75   2235        0     0       tick    2064752486    2003519313    2003443836    2064752486     234764828 
     76   2235        0     1       tick    2956525786    2003026899             -             0             - 
     77   2235        0     0       tick    2986773060    2010331043    2010334458    2986773060     432971085 
     78   2235        0     1       tick    2965138048    1988385933             -             0             - 
     79   2235        0     0       tick    3004392141    2010480036    2010479922    3004392141     434762937 
     80   2235        0     1       tick    2955853313    1986866013             -             0             - 
     81   2235        0     0       tick    2992926470    2010576756    2010598698    2992926470     429131890 
     82   2235        0     1       tick    2976990502    2010513501             -             0             - 
     83   2235        0     0       tick    2975361193    2010540835    2010547866    2975361193     431199362 
     84   2235        0     1       tick    3009430001    2011049833             -             0             - 
     85   2235        0     0       tick    3011340551    2011104541    2011097322    3011340551     435714606 
     86   2235        0     1       tick    2998748655    2011226544             -             0             - 
     87   2235        0     0       tick    2997487511    2011009587    2011009080    2997487511     430576792 
     88   2235        0     1       tick    2988819145    2011279027             -             0             - 
     89   2235        0     0       tick    2995861571    2011138030    2011132968    2995861571     434044770 
     90   2235        0     1       tick    2984574630    1997910711             -             0             - 
     91   2235        0     0       tick    3000680692    2006786338    2010807720    3000680692     433725732 
     92   2235        0     1       tick    2991286578    2010620457             -             0             - 
     93   2235        0     0       tick    2997017119    2010075890    2010078258    2997017119     431430953 
     94   2235        0     1       tick     754404639    1992684878             -             0             - 
     95   2235        0     0       tick    1171248877    1967915064    1967843874    1171248877      69192091 
     96   2235        0     1       tick    1434688000    2002279078             -             0             - 
     97   2235        0     0       tick    2797247588    1999524451    1999442334    2797247588     402970674 
     98   2235        0     1       tick    2998671064    2010347983             -             0             - 
     99   2235        0     0       tick    2972150927    1992166191    1994139486    2972150927     430556062 
    100   2235        0     1       tick    2997104746    2010827374             -             0             - 
    101   2235        0     0       tick    3006446279    2010915959    2010915810    3006446279     435478670 
    102   2235        0     1       tick    2981827138    1995153122             -             0             - 
    103   2235        0     0       tick    2999659023    2011179147    2011187460    2999659023     433215999 
    104   2235        0     1       tick    3004453922    2010868079             -             0             - 
    105   2235        0     0       tick    3002757845    2010616646    2010633798    3002757845     434007832 
    106   2235        0     1       tick    2973515244    1995125182             -             0             - 
    107   2235        0     0       tick    2987833351    2011027236    2011048440    2987833351     433906828 
    108   2235        0     1       tick    2983800088    1994912057             -             0             - 
    109   2235        0     0       tick    3012767041    2010216229    2010682392    3012767041     435305960 
    110   2235        0     1       tick    3003522737    2011109786             -             0             - 
    111   2235        0     0       tick    3012049973    2010679493    2010660714    3012049973     433553999 
    112   2235        0     1       tick    3007611096    2011273935             -             0             - 
    113   2235        0     0       tick    3012944583    2011045190    2011044894    3012944583     436252966 
    114   2235        0     1       tick    2998507036    2010710280             -             0             - 
    115   2235        0     0       tick    3007669886    2011073292    2011087290    3007669886     435635521 
    116   2235        0     1       tick    3015581859    2011278516             -             0             - 
    117   2235        0     0       tick    2973237512    1994423531    1994421330    2973237512     429888592 
    118   2235        0     1       tick    1577942511    2004886221             -             0             - 
    119   2235        0     0       tick     878311038    1946186938    1951523070     878311038      44918789 
    120   2235        0     1       tick    1428916613    2002828497             -             0             - 
    121   2235        0     0       tick    1692195972    2001850378    2001787266    1692195972     152989501 
    122   2235        0     1       tick    3007483393    2011122485             -             0             - 
    123   2235        0     0       tick    3008449105    2010819594    2010818514    3008449105     435509408 
    124   2235        0     1       tick    2993488830    2011148358             -             0             - 
    125   2235        0     0       tick    2970534261    2010529496    2010549918    2970534261     435617421 
    126   2235        0     1       tick    2998417296    2010291491             -             0             - 
    127   2235        0     0       tick    3011090187    2010782395    2010788274    3011090187     436010214 
    128   2235        0     1       tick    2961716925    1986582096             -             0             - 
    129   2235        0     0       tick    3002292601    2010974564    2010983724    3002292601     435043718 
    130   2235        0     1       tick    3003110614    2003173001             -             0             - 
    131   2235        0     0       tick    2986551067    2010772773    2010799506    2986551067     435994783 
    132   2235        0     1       tick    2976515243    2011070500             -             0             - 
    133   2235        0     0       tick    3015784406    2011108915    2011101330    3015784406     437705186 
    134   2235        0     1       tick    3011051390    2011134181             -             0             - 
    135   2235        0     0       tick    3009362257    2010775338    2010776112    3009362257     434933183 
    136   2235        0     1       tick    3014908054    2011157509             -             0             - 
    137   2235        0     0       tick    3017097128    2011100636    2011110000    3017097128     436909916 
    138   2235        0     1       tick    2967601715    2010408721             -             0             - 
    139   2235        0     0       tick    2940821134    1989261812    1994599962    2940821134     431271915 
    140   2235        0     1       tick    2983616702    2010318492             -             0             - 
    141   2235        0     0       tick    2978612327    2010312715    2010307836    2978612327     431460987 
    142   2235        0     1       tick    2759756487    2009374414             -             0             - 
    143   2235        0     0       tick     680479545    1979969812    1981934634     680479545      20874554 
    144   2235        0     1       tick    1219469998    1971383026             -             0             - 
    145   2235        0     0       tick    1437385473    2000271948    2002356612    1437385473      80122502 
    146   2235        0     1       tick    2446191460    2006331423             -             0             - 
    147   2235        0     0       tick    3004280724    2010500190    2010477870    3004280724     435401442 
    148   2235        0     1       tick    2950282220    1994393283             -             0             - 
    149   2235        0     0       tick    2934843574    1986095427    1994087130    2934843574     430269656 
    150   2235        0     1       tick    2973433395    2010825440             -             0             - 
    151   2235        0     0       tick    3008721155    2010923204    2010923484    3008721155     436400018 
    152   2235        0     1       tick    3003326996    2011177349             -             0             - 
    153   2235        0     0       tick    2976774892    2010787670    2010792306    2976774892     431480491 
    154   2235        0     1       tick    2987743609    2011052788             -             0             - 
    155   2235        0     0       tick    2982035414    2010969026    2010968754    2982035414     433523919 
    156   2235        0     1       tick    2950612759    2011035139             -             0             - 
    157   2235        0     0       tick    2958012756    2010433973    2010893784    2958012756     433637597 
    158   2235        0     1       tick    2999974802    2010146317             -             0             - 
    159   2235        0     0       tick    2976802903    1986490899    1994509494    2976802903     432020725 
    160   2235        0     1       tick    3014748464    2011096534             -             0             - 
    161   2235        0     0       tick    3007055685    2011004474    2011022346    3007055685     436208482 
    162   2235        0     1       tick    3010841531    2010758478             -             0             - 
    163   2235        0     0       tick    2975901523    2010969986    2010989070    2975901523     436195014 
    164   2235        0     1       tick    2974158816    2011207437             -             0             - 
    165   2235        0     0       tick    2983246726    1992581750    1994581494    2983246726     433392597 
    166   2235        0     1       tick    3013963343    2011091859             -             0             - 
    167   2235        0     0       tick    2500533507    2008895493    2008855086    2500533507     344583571 
    168   2235        0     1       tick     696745932    1990633186             -             0             - 
    169   2235        0     0       tick    1286537533    1966243789    1970789910    1286537533      72802255 
    170   2235        0     1       tick    1439532746    1983788372             -             0             - 
    171   2235        0     0       tick    2079566124    2003460600    2003396286    2079566124     240604083 
    172   2235        0     1       tick    3028953891    2011177544             -             0             - 
    173   2235        0     0       tick    3005890216    2010939165    2010948246    3005890216     438593710 
    174   2235        0     1       tick    2939837003    2010906367             -             0             - 
    175   2235        0     0       tick    2965745987    2010914742    2010927990    2965745987     435172511 
    176   2235        0     1       tick    2998342726    2011229289             -             0             - 
    177   2235        0     0       tick    3004489372    2010510692    2010517440    3004489372     435603255 
    178   2235        0     1       tick    3007602233    2010936556             -             0             - 
    179   2235        0     0       tick    3007255737    2010960953    2010956118    3007255737     436585179 
    180   2235        0     1       tick    2964527572    2010190432             -             0             - 
    181   2235        0     0       tick    2886875167    1986702521    1994677638    2886875167     425248690 
    182   2235        0     1       tick    2989650156    2011087097             -             0             - 
    183   2235        0     0       tick    3015460721    2010023390    2010026730    3015460721     437120840 
    184   2235        0     1       tick    3004838730    2011076467             -             0             - 
    185   2235        0     0       tick    3018115081    2011041628    2011064064    3018115081     437166897 
    186   2235        0     1       tick    2971700631    1994643430             -             0             - 
    187   2235        0     0       tick    2925852749    2010792515    2010813048    2925852749     430788472 
    188   2235        0     1       tick    2965134382    2011056144             -             0             - 
    189   2235        0     0       tick    2969772555    1986692509    1994674854    2969772555     431839180 
    190   2235        0     1       tick    3024880396    2011104800             -             0             - 
    191   2235        0     0       tick    1624597528    2005464276    2005453860    1624597528     188725570 
    192   2235        0     1       tick     854463501    1951183872             -             0             - 
    193   2235        0     0       tick    1411984809    1986381623    1986335304    1411984809      75525021 
    194   2235        0     1       tick    1452425870    2002550873             -             0             - 
    195   2235        0     0       tick    2661226939    2006730987    2006658918    2661226939     370029085 
    196   2235        0     1       tick    3009746912    2010843494             -             0             - 
    197   2235        0     0       tick    2957534635    2010834907    2010831498    2957534635     434891097 
    198   2235        0     1       tick    2907843122    2010800705             -             0             - 
    199   2235        0     0       tick    2945636817    1986719411    1994690082    2945636817     431962668 
    200   2235        0     1       tick    3020193723    2010682619             -             0             - 
    201   2235        0     0       tick    3007762444    2010214200    2010230400    3007762444     435341590 
    202   2235        0     1       tick    3012236372    2011007011             -             0             - 
    203   2235        0     0       tick    2967373585    2010852313    2010846702    2967373585     435917299 
    204   2235        0     1       tick    2899038329    2010765067             -             0             - 
    205   2235        0     0       tick    2931134049    1986694560    1994665626    2931134049     431130763 
    206   2235        0     1       tick    3028391331    2010741382             -             0             - 
    207   2235        0     0       tick    3037890566    2010669875    2010679242    3037890566     439383265 
    208   2235        0     1       tick    3039252131    2010979593             -             0             - 
    209   2235        0     0       tick    3002253480    2010195300    2010133944    3002253480     438338002 
    210   2235        0     1       tick    2931629003    2010022110             -             0             - 
    211   2235        0     0       tick    2889983276    1985884148    1991904486    2889983276     425269436 
    212   2235        0     1       tick    3006435695    2009913482             -             0             - 
    213   2235        0     0       tick    3019576359    2010239564    2010241242    3019576359     436829312 
    214   2235        0     1       tick    1743889468    1981611011             -             0             - 
    215   2235        0     0       tick     806541087    1973329846    1973262540     806541087      36960156 
    216   2235        0     1       tick    1434205604    1996112710             -             0             - 
    217   2235        0     0       tick    1448951192    2002209154    2002251066    1448951192      83308393 
    218   2235        0     1       tick    2571956863    2006790553             -             0             - 
    219   2235        0     0       tick    2961835434    1990976966    2000949594    2961835434     434349033 
    220   2235        0     1       tick    2903281925    2011004846             -             0             - 
    221   2235        0     0       tick    2921789340    2010043620    2010060450    2921789340     430660767 
    222   2235        0     1       tick    2993701189    2010543979             -             0             - 
    223   2235        0     0       tick    3021506633    2011027619    2011009434    3021506633     437482921 
    224   2235        0     1       tick    3009727975    2011061424             -             0             - 
    225   2235        0     0       tick    2927702429    2010601760    2010578142    2927702429     431566488 
    226   2235        0     1       tick    2911064283    2010379238             -             0             - 
    227   2235        0     0       tick    2998694567    2010776797    2010776550    2998694567     439360786 
    228   2235        0     1       tick    3011452580    2010798855             -             0             - 
    229   2235        0     0       tick    3024946509    2010670999    2010660072    3024946509     438527746 
    230   2235        0     1       tick    2940482663    1997631851             -             0             - 
    231   2235        0     0       tick    2877382089    2009410374    2009420196    2877382089     422043823 
    232   2235        0     1       tick    2962753213    2010883583             -             0             - 
    233   2235        0     0       tick    3021677363    2010934529    2010942210    3021677363     438487102 
    234   2235        0     1       tick    1916365632    2006759212             -             0             - 
    235   2235        0     0       tick     756099333    1957186317    1957132782     756099333      34160551 
    236   2235        0     1       tick    1429912501    1994839094             -             0             - 
    237   2235        0     0       tick    1437494767    2001611478    2001536586    1437494767      80126345 
    238   2235        0     1       tick    2455304165    2006115652             -             0             - 
    239   2235        0     0       tick    2888333711    1994528519    1994516544    2888333711     427366647 
    240   2235        0     1       tick    2853377805    2010852916             -             0             - 
    241   2235        0     0       tick    2971443307    1988845607    1994825856    2971443307     434860448 
    242   2235        0     1       tick    2999085006    2010982363             -             0             - 
    243   2235        0     0       tick    2823318562    2009508704    2009533572    2823318562     418914828 
    244   2235        0     1       tick    2944392790    2010509048             -             0             - 
    245   2235        0     0       tick    3009185371    2010673873    2010662040    3009185371     438150277 
    246   2235        0     1       tick    2987030066    2010729454             -             0             - 
    247   2235        0     0       tick    2809147917    2010368119    2010379944    2809147917     416892635 
    248   2235        0     1       tick    2976626070    2011142654             -             0             - 
    249   2235        0     0       tick    2488252234    2008379637    2008397856    2488252234     343470323 
    250   2235        0     1       tick     689759781    1981683761             -             0             - 
    251   2235        0     0       tick    1273053115    1951481316    1953470388    1273053115      72227737 
    252   2235        0     1       tick    1440192922    1996231557             -             0             - 
    253   2235        0     0       tick    1496806019    1997926836    1997980644    1496806019     109687284 
    254   2235        0     1       tick    2906417632    2010860409             -             0             - 
    255   2235        0     0       tick    2789550972    2010156243    2010153114    2789550972     416191754 
    256   2235        0     1       tick    2972666416    2010371657             -             0             - 
    257   2235        0     0       tick    2740235177    2010081613    2010104604    2740235177     408360523 
    258   2235        0     1       tick    2969595915    2009405718             -             0             - 
    259   2235        0     0       tick    2897725617    2010715329    2010714582    2897725617     431225563 
    260   2235        0     1       tick    2819640672    2010241937             -             0             - 
    261   2235        0     0       tick    1924626787    1997769633    2006109882    1924626787     246278807 
    262   2235        0     1       tick     747002226    1956682822             -             0             - 
    263   2235        0     0       tick    1412699766    1987957638    1987895748    1412699766      77134265 
    264   2235        0     1       tick    1447181092    2002624758             -             0             - 
    265   2235        0     0       tick    1846234353    1995087530    1995080058    1846234353     193702310 
    266   2235        0     1       tick    2687354922    2010161999             -             0             - 
    267   2235        0     0       tick    2735706130    2009933995    2009981502    2735706130     408605687 
    268   2235        0     1       tick    2922926742    2010842605             -             0             - 
    269   2235        0     0       tick    2660554291    1993755016    1993801482    2660554291     399274640 
    270   2235        0     1       tick    1610090580    1987257687             -             0             - 
    271   2235        0     0       tick     840787102    1960967986    1966930686     840787102      42139694 
    272   2235        0     1       tick    1425615880    2002642145             -             0             - 
    273   2235        0     0       tick    1440930060    1986137123    1986153306    1440930060      82998474 
    274   2235        0     1       tick    1508142461    2001319044             -             0             - 
    275   2235        0     0       tick    2623273395    2009810650    2009880846    2623273395     393384417 
    276   2235        0     1       tick    2630815591    2009784131             -             0             - 
    277   2235        0     0       tick    1952415756    2006673062    2006718174    1952415756     266745210 
    278   2235        0     1       tick     708214233    1997574865             -             0             - 
    279   2235        0     0       tick    1348036894    1953941167    1954021206    1348036894      83387042 
    280   2235        0     1       tick    1421939284    2002621850             -             0             - 
    281   2235        0     0       tick    1435057282    1977261088    1986197796    1435057282      82771113 
    282   2235        0     1       tick    1717249956    2002680020             -             0             - 
    283   2235        0     0       tick    1920034184    2005999655    2006083362    1920034184     273222208 
    284   2235        0     1       tick     681070297    1998505262             -             0             - 
    285   2235        0     0       tick    1238787413    1961471665    1961482140    1238787413      69185936 
    286   2235        0     1       tick    1437769382    2002076275             -             0             - 
    287   2235        0     0       tick    1449371787    2001255397    2001191436    1449371787      83325045 
    288   2235        0     1       tick    1428630419    2000202830             -             0             - 
    289   2235        0     0       tick    1532579175    2003959052    2004112278    1532579175     205219908 
    290   2235        0     1       tick     677051209    1990174209             -             0             - 
    291   2235        0     0       tick    1189200177    1946676514    1952659800    1189200177      64618488 
    292   2235        0     1       tick    1446069664    2002482036             -             0             - 
    293   2235        0     0       tick    1450290289    2002261335    2002290888    1450290289      83359791 
    294   2235        0     1       tick    1426252183    2002440063             -             0             - 
    295   2235        0     0       tick    1257100342    1999849649    1999956510    1257100342     144560767 
    296   2235        0     1       tick     686731839    1998214714             -             0             - 
    297   2235        0     0       tick    1265068553    1969618725    1969457784    1265068553      71081204 
    298   2235        0     1       tick    1452143593    2002637275             -             0             - 
    299   2235        0     0       tick    1438527060    2002370799    2002358562    1438527060      80166651 
    300   2235        0     1       tick    1353551772    2000150560             -             0             - 
    301   2235        0     0       tick     820295119    1976848131    1984795908     820295119      51544491 
    302   2235        0     1       tick     927959361    1967135177             -             0             - 
    303   2235        0     0       tick    1448926445    2002330275    2002404318    1448926445      83307436 
    304   2235        0     1       tick    1435085859    2001930083             -             0             - 
    305   2235        0     0       tick    1436068651    2002352591    2002342662    1436068651      79946484 
    306   2235        0     1       tick    1304079662    1999013459             -             0             - 
    307   2235        0     0       tick     699659715    2000647637    2000618214     699659715      25201085 
    308   2235        0     1       tick    1066560354    1967490484             -             0             - 
    309   2235        0     0       tick    1450318150    2001928267    2001909900    1450318150      83360868 
    310   2235        0     1       tick    1446274093    2001589641             -             0             - 
    311   2235        0     0       tick    1398287547    1998361474    1998415020    1398287547      87425416 
    312   2235        0     1       tick     978253221    1999915260             -             0             - 
    313   2235        0     0       tick     701545635    1949462619    1957376280     701545635      29841640 
    314   2235        0     1       tick    1415135586    1995954720             -             0             - 
    315   2235        0     0       tick    1442538458    1992634637    1992695520    1442538458      83060023 
    316   2235        0     1       tick    1410868203    1986612407             -             0             - 
    317   2235        0     0       tick    1299796029    1999482184    1999442586    1299796029     115852328 
    318   2235        0     1       tick     673930028    2001093787             -             0             - 
    319   2235        0     0       tick    1105125246    1967514627    1967547438    1105125246      62687473 
    320   2235        0     1       tick    1441110489    2002544405             -             0             - 
    321   2235        0     0       tick    1449846856    2002271379    2002287990    1449846856      83342643 
    322   2235        0     1       tick    1380797681    1978783781             -             0             - 
    323   2235        0     0       tick     958798694    2000327040    2000273004     958798694      76952092 
    324   2235        0     1       tick     732405987    1964390465             -             0             - 
    325   2235        0     0       tick    1414201823    1993918976    1994018748    1414201823      76680263 
    326   2235        0     1       tick    1450594837    2002103309             -             0             - 
    327   2235        0     0       tick    1444611369    1994184115    1994153868    1444611369      83140573 
    328   2235        0     1       tick    1263216885    1999466568             -             0             - 
    329   2235        0     0       tick     647361958    2000880599    2000858976     647361958      14516277 
    330   2235        0     1       tick    1157193635    1967714306             -             0             - 
    331   2235        0     0       tick    1401470697    1978200653    1978308066    1401470697      75118307 
    332   2235        0     1       tick    1437612300    1980606344             -             0             - 
    333   2235        0     0       tick    1377902916    1982960367    1982984124    1377902916      90869915 
    334   2235        0     1       tick     946222698    2000095728             -             0             - 
    335   2235        0     0       tick     752206491    1972857148    1972842018     752206491      33704138 
    336   2235        0     1       tick    1425695485    1995531848             -             0             - 
    337   2235        0     0       tick    1439662966    2002211119    2002169982    1439662966      80210189 
    338   2235        0     1       tick    1448707155    2001973167             -             0             - 
    339   2235        0     0       tick    1257297466    1998907835    1998869628    1257297466     112994051 
    340   2235        0     1       tick     653221756    2000387297             -             0             - 
    341   2235        0     0       tick    1151846016    1967022691    1967014482    1151846016      66694715 
    342   2235        0     1       tick    1434353700    2002024400             -             0             - 
    343   2235        0     0       tick    1421927613    1980452982    1986458328    1421927613      79419456 
    344   2235        0     1       tick    1387018475    2000148281             -             0             - 
    345   2235        0     0       tick     916943303    2000085588    2000136654     916943303      68494425 
    346   2235        0     1       tick     782359609    1973830055             -             0             - 
    347   2235        0     0       tick    1431291262    1995908050    1995937524    1431291262      80080664 
    348   2235        0     1       tick    1426170478    1986211872             -             0             - 
    349   2235        0     0       tick    1411983980    2000166352    2000162298    1411983980      88434586 
    350   2235        0     1       tick     991145146    2001006333             -             0             - 
    351   2235        0     0       tick     706238478    1974644607    1974593358     706238478      25545637 
    352   2235        0     1       tick    1391703440    1973221558             -             0             - 
    353   2235        0     0       tick    1449688229    2001484761    2001470784    1449688229      83336766 
    354   2235        0     1       tick    1421927216    2002193521             -             0             - 
    355   2235        0     0       tick    1073420645    1997491128    1997591646    1073420645     101918321 
    356   2235        0     1       tick     694424904    1997467668             -             0             - 
    357   2235        0     0       tick    1283245272    1951437973    1951509480    1283245272      73040598 
    358   2235        0     1       tick    1451899281    2002502162             -             0             - 
    359   2235        0     0       tick    1448118736    2000263396    2000340660    1448118736      83275686 
    360   2235        0     1       tick    1164521310    1997982385             -             0             - 
    361   2235        0     0       tick     674534954    1988806815    1988812488     674534954      20687331 
    362   2235        0     1       tick    1218287668    1970959534             -             0             - 
    363   2235        0     0       tick    1422453220    1980443731    1986400290    1422453220      79544941 
    364   2235        0     1       tick    1423520023    2000236315             -             0             - 
    365   2235        0     0       tick    1009380871    2001122438    2001122502    1009380871      89118870 
    366   2235        0     1       tick     710132213    1998287269             -             0             - 
    367   2235        0     0       tick    1362950052    1954658646    1954609518    1362950052      84536262 
    368   2235        0     1       tick    1415281965    1986597653             -             0             - 
    369   2235        0     0       tick    1375228954    1999875733    1999891656    1375228954      98508770 
    370   2235        0     1       tick     883307014    2001093021             -             0             - 
    371   2235        0     0       tick     819315593    1973249916    1973257560     819315593      37929788 
    372   2235        0     1       tick    1411548862    1968517370             -             0             - 
    373   2235        0     0       tick    1451615865    2002345489    2002350870    1451615865      83411053 
    374   2235        0     1       tick    1311062066    1999252118             -             0             - 
    375   2235        0     0       tick     752975668    1999657405    1999655646     752975668      35820425 
    376   2235        0     1       tick     999138690    1967420448             -             0             - 
    377   2235        0     0       tick    1437448271    2001059800    2001138546    1437448271      80124548 
    378   2235        0     1       tick    1414277086    2000256926             -             0             - 
    379   2235        0     0       tick     998207004    2000195683    2000261364     998207004      85470331 
    380   2235        0     1       tick     709778456    1988131093             -             0             - 
    381   2235        0     0       tick    1390221320    1979098131    1979054154    1390221320      82730839 
    382   2235        0     1       tick    1437217110    1985818205             -             0             - 
    383   2235        0     0       tick    1408050874    1980313890    1986254796    1408050874      75373023 
    384   2235        0     1       tick    1084396979    1982334400             -             0             - 
    385   2235        0     0       tick     688865575    1997953049    1998003144     688865575      20457005 
    386   2235        0     1       tick    1277355411    1971134455             -             0             - 
    387   2235        0     0       tick    1450400807    2002063998    2002061430    1450400807      83364194 
    388   2235        0     1       tick    1438495660    2002536012             -             0             - 
    389   2235        0     0       tick    1190696767    1982592881    1982677974    1190696767     111918477 
    390   2235        0     1       tick     677517792    1998137582             -             0             - 
    391   2235        0     0       tick    1186587843    1970817331    1970790714    1186587843      62978390 
    392   2235        0     1       tick    1436099048    1985165347             -             0             - 
    393   2235        0     0       tick    1444631813    1993711407    2001089652    1444631813      83141104 
    394   2235        0     1       tick    1262194559    1999361029             -             0             - 
    395   2235        0     0       tick     650370952    2001240962    2001203856     650370952      15034444 
    396   2235        0     1       tick    1141037894    1950263803             -             0             - 
    397   2235        0     0       tick    1419595340    2001996952    2001992124    1419595340      75819580 
    398   2235        0     1       tick    1445574908    1994107243             -             0             - 
    399   2235        0     0       tick    1299093790    1990913300    1990938552    1299093790     107758524 
    400   2235        0     1       tick     730847789    2001054776             -             0             - 
    401   2235        0     0       tick    1028227272    1967899250    1967881998    1028227272      56507561 
    402   2235        0     1       tick    1427857923    1985186700             -             0             - 
    403   2235        0     0       tick    1431330895    1983982578    1985960076    1431330895      81013114 
    404   2235        0     1       tick    1336079152    1998648884             -             0             - 
    405   2235        0     0       tick     812392647    2000650670    2000699418     812392647      47705258 
    406   2235        0     1       tick     914052407    1967449257             -             0             - 
    407   2235        0     0       tick    1451082310    2002207669    2002226466    1451082310      83390935 
    408   2235        0     1       tick    1407758384    1984243717             -             0             - 
    409   2235        0     0       tick    1297201666    1999020539    1999015668    1297201666     114527540 
    410   2235        0     1       tick     680077450    2001275823             -             0             - 
    411   2235        0     0       tick    1086606859    1966558479    1966514004    1086606859      60144028 
    412   2235        0     1       tick    1435497705    1984413775             -             0             - 
    413   2235        0     0       tick    1447611640    2001168507    2001226296    1447611640      83256722 
    414   2235        0     1       tick    1311364702    1998837211             -             0             - 
    415   2235        0     0       tick     754986304    1983929417    1983958650     754986304      37118823 
    416   2235        0     1       tick     984790212    1967096783             -             0             - 
    417   2235        0     0       tick    1437367830    2001278472    2001253644    1437367830      80121435 
    418   2235        0     1       tick    1449916352    2001100849             -             0             - 
    419   2235        0     0       tick    1341879120    1999782376    1999808178    1341879120      98209699 
    420   2235        0     1       tick     833862362    1994838844             -             0             - 
    421   2235        0     0       tick     883991324    1966692899    1966647612     883991324      45407520 
    422   2235        0     1       tick    1410294149    1978432454             -             0             - 
    423   2235        0     0       tick    1437685804    1995998782    2002001760    1437685804      81418999 
    424   2235        0     1       tick    1383416033    1996086123             -             0             - 
    425   2235        0     0       tick     920188050    2000464404    2000448498     920188050      69163911 
    426   2235        0     1       tick     774919905    1972921653             -             0             - 
    427   2235        0     0       tick    1431257042    1995669169    1995542262    1431257042      80079212 
    428   2235        0     1       tick    1427928585    1986394897             -             0             - 
    429   2235        0     0       tick    1402965169    1980440051    1982454084    1402965169      85997992 
    430   2235        0     1       tick    1001161084    1999683736             -             0             - 
    431   2235        0     0       tick     705450818    1980097611    1982036226     705450818      20346079 
    432   2235        0     1       tick    1374975599    1968686436             -             0             - 
    433   2235        0     0       tick    1412429741    1978284315    1986280752    1412429741      77309628 
    434   2235        0     1       tick    1440310645    2002477965             -             0             - 
    435   2235        0     0       tick    1100714313    1998692656    1998642564    1100714313     103656252 
    436   2235        0     1       tick     687829196    1998293955             -             0             - 
    437   2235        0     0       tick    1271665442    1969872328    1969831590    1271665442      71686080 
    438   2235        0     1       tick    1451289810    2002485363             -             0             - 
    439   2235        0     0       tick    1437926821    2002402013    2002366536    1437926821      80142919 
    440   2235        0     1       tick    1329472265    1999815494             -             0             - 
    441   2235        0     0       tick     779888821    2000800188    2000789658     779888821      41195948 
    442   2235        0     1       tick     953845006    1967068584             -             0             - 
    443   2235        0     0       tick    1440537201    1992940789    1993028610    1440537201      82983020 
    444   2235        0     1       tick    1449463635    2001002975             -             0             - 
    445   2235        0     0       tick    1406295409    1977958355    1986004242    1406295409      75305137 
    446   2235        0     1       tick    1079953281    1998251070             -             0             - 
    447   2235        0     0       tick     692441984    1998024051    1997998002     692441984      20462512 
    448   2235        0     1       tick    1289987654    1970506142             -             0             - 
    449   2235        0     0       tick    1440194744    1986274880    1986349584    1440194744      82970037 
    450   2235        0     1       tick    1449487966    2002438313             -             0             - 
    451   2235        0     0       tick    1384768911    1982068205    1984043766    1384768911      86346646 
    452   2235        0     1       tick     984027807    2000673855             -             0             - 
    453   2235        0     0       tick     707087798    1973432441    1973349732     707087798      29565426 
    454   2235        0     1       tick    1414227476    1995792390             -             0             - 
    455   2235        0     0       tick    1449256782    2001704218    2001645930    1449256782      83319953 
    456   2235        0     1       tick    1428963754    2001148720             -             0             - 
    457   2235        0     0       tick    1358265717    1982334645    1982272752    1358265717      96648256 
    458   2235        0     1       tick     885472859    1999878449             -             0             - 
    459   2235        0     0       tick     812688305    1972997061    1973020062     812688305      37542224 
    460   2235        0     1       tick    1427761471    1995032611             -             0             - 
    461   2235        0     0       tick    1448668207    1999680607    1999747872    1448668207      83296934 
    462   2235        0     1       tick    1391697009    1999067369             -             0             - 
    463   2235        0     0       tick     959356360    1979974708    1989223170     959356360      78193003 
    464   2235        0     1       tick     711459026    1962005442             -             0             - 
    465   2235        0     0       tick    1416824341    1995538939    1995580416    1416824341      76782015 
    466   2235        0     1       tick    1439810208    1986411667             -             0             - 
    467   2235        0     0       tick    1418025389    1986211743    1986195720    1418025389      77345845 
    468   2235        0     1       tick    1051234306    1998554295             -             0             - 
    469   2235        0     0       tick     698057155    1998292994    1998291726     698057155      20491482 
    470   2235        0     1       tick    1313654588    1970149840             -             0             - 
    471   2235        0     0       tick    1440277606    2001718655    2001838650    1440277606      81321295 
    472   2235        0     1       tick    1451802583    2002411195             -             0             - 
    473   2235        0     0       tick    1144373689    1989792933    1989835434    1144373689     106703872 
    474   2235        0     1       tick     676323869    1994231711             -             0             - 
    475   2235        0     0       tick    1225107376    1953622347    1953571938    1225107376      68329076 
    476   2235        0     1       tick    1427265193    1986525225             -             0             - 
    477   2235        0     0       tick    1416562037    1999576293    1999689846    1416562037      86763815 
    478   2235        0     1       tick    1000888001    2000955735             -             0             - 
    479   2235        0     0       tick     711230052    1994010619    1993987164     711230052      22080226 
    480   2235        0     1       tick    1375195612    1958671862             -             0             - 
    481   2235        0     0       tick    1446965572    2002242108    2002243164    1446965572      82885596 
    482   2235        0     1       tick    1417263316    1993482071             -             0             - 
    483   2235        0     0       tick    1090626465    1990277134    1990320450    1090626465     103382012 
    484   2235        0     1       tick     689330268    1996747485             -             0             - 
    485   2235        0     0       tick    1277531468    1969200230    1970568768    1277531468      72146089 
    486   2235        0     1       tick    1439970188    1984419025             -             0             - 
    487   2235        0     0       tick    1437888083    2002376807    2002317870    1437888083      80141425 
    488   2235        0     1       tick    1408371314    1999815890             -             0             - 
    489   2235        0     0       tick     992083523    2000483123    2000461656     992083523      83500402 
    490   2235        0     1       tick     708007075    1978682148             -             0             - 
    491   2235        0     0       tick    1402221489    1990204909    1990204590    1402221489      80253189 
    492   2235        0     1       tick    1450620782    2002210029             -             0             - 
    493   2235        0     0       tick    1421080480    2002240776    2002283094    1421080480      75877010 
    494   2235        0     1       tick    1297510648    1999173544             -             0             - 
    495   2235        0     0       tick     670364087    1976960712    1984899804     670364087      20920806 
    496   2235        0     1       tick    1067743688    1951255566             -             0             - 
    497   2235        0     0       tick    1451331021    2002162259    2002170282    1451331021      83399907 
    498   2235        0     1       tick    1448955927    2002465295             -             0             - 
    499   2235        0     0       tick    1437963708    2001535549    2001506592    1437963708      80144864 
    500   2235        0     1       tick    1224943087    1998089786             -             0             - 
    501   2235        0     0       tick     677602373    1997948864    1997940888     677602373      21080857 
    502   2235        0     1       tick    1160920452    1968644635             -             0             - 
    503   2235        0     0       tick    1448020311    2000387814    2000409192    1448020311      83272010 
    504   2235        0     1       tick    1440440129    2001868585             -             0             - 
    505   2235        0     0       tick    1344544216    1978001247    1983941514    1344544216      94308142 
    506   2235        0     1       tick     880329727    2001035710             -             0             - 
    507   2235        0     0       tick     824383143    1968617460    1968623658     824383143      38917904 
    508   2235        0     1       tick    1432189047    2000284761             -             0             - 
    509   2235        0     0       tick    1450996134    2002395952    2002416414    1450996134      83387343 
    510   2235        0     1       tick    1434285514    1996345895             -             0             - 
    511   2235        0     0       tick    1202245527    1997929008    1997935710    1202245527     112590907 
    512   2235        0     1       tick     677979983    1997960809             -             0             - 
    513   2235        0     0       tick    1187000931    1970424646    1970411430    1187000931      63022364 
    514   2235        0     1       tick    1434929991    1984369958             -             0             - 
    515   2235        0     0       tick    1436554209    1983235704    1985834034    1436554209      82828739 
    516   2235        0     1       tick    1251867964    1976985459             -             0             - 
    517   2235        0     0       tick     659387833    2000584692    2000578686     659387833      16986968 
    518   2235        0     1       tick    1139647485    1966638714             -             0             - 
    519   2235        0     0       tick    1422150052    2001632194    2001667218    1422150052      75918373 
    520   2235        0     1       tick    1451672459    2001976921             -             0             - 
    521   2235        0     0       tick    1298097137    1982250814    1982272524    1298097137     107531048 
    522   2235        0     1       tick     735822528    2000741347             -             0             - 
    523   2235        0     0       tick    1016161159    1956999978    1958353146    1016161159      55948877 
    524   2235        0     1       tick    1427451083    1994378665             -             0             - 
    525   2235        0     0       tick    1449408896    2000613221    2000533632    1449408896      83326094 
    526   2235        0     1       tick    1339398599    1998685631             -             0             - 
    527   2235        0     0       tick     809429944    1984423019    1984399296     809429944      47906867 
    528   2235        0     1       tick     904990971    1958923000             -             0             - 
    529   2235        0     0       tick    1449664090    2001120634    2001110268    1449664090      83335703 
    530   2235        0     1       tick    1410226783    1984749388             -             0             - 
    531   2235        0     0       tick    1379079305    1993406029    1999405122    1379079305      97735661 
    532   2235        0     1       tick     901649754    2000746124             -             0             - 
    533   2235        0     0       tick     802515416    1971902821    1971827940     802515416      36858197 
    534   2235        0     1       tick    1423674375    1979849644             -             0             - 
    535   2235        0     0       tick    1438796481    1987868687    1993923600    1438796481      82915579 
    536   2235        0     1       tick    1394997310    1999666604             -             0             - 
    537   2235        0     0       tick     985010066    1999174468    1999145592     985010066      81650388 
    538   2235        0     1       tick     703175374    1957543835             -             0             - 
    539   2235        0     0       tick    1413967580    1993852465    1995242232    1413967580      77586819 
    540   2235        0     1       tick    1450542867    2002344364             -             0             - 
    541   2235        0     0       tick    1431301689    2002310357    2002215876    1431301689      78182443 
    542   2235        0     1       tick    1052476120    1998572086             -             0             - 
    543   2235        0     0       tick     699647232    1998240187    1998215736     699647232      20417405 
    544   2235        0     1       tick    1328147199    1970915150             -             0             - 
    545   2235        0     0       tick    1411076813    1997124140    1999141974    1411076813      78325615 
    546   2235        0     1       tick    1422244986    1980626997             -             0             - 
    547   2235        0     0       tick    1170259120    1998812733    1998888048    1170259120     108067988 
    548   2235        0     1       tick     677759447    1997782895             -             0             - 
    549   2235        0     0       tick    1214952003    1969477730    1969406028    1214952003      67550116 
    550   2235        0     1       tick    1428287221    2002536298             -             0             - 
    551   2235        0     0       tick    1440420367    2001879657    2001913170    1440420367      82978374 
    552   2235        0     1       tick    1261585635    1998938341             -             0             - 
    553   2235        0     0       tick     652048039    1999324028    1999321218     652048039      15570741 
    554   2235        0     1       tick    1148667915    1966532832             -             0             - 
    555   2235        0     0       tick    1404130574    1992402429    2001676512    1404130574      75221423 
    556   2235        0     1       tick    1439766908    2000709207             -             0             - 
    557   2235        0     0       tick    1380898606    1998742955    1998651108    1380898606      93111909 
    558   2235        0     1       tick     935416333    2000351995             -             0             - 
    559   2235        0     0       tick     754626640    1956632328    1956606798     754626640      34151902 
    560   2235        0     1       tick    1418492388    1995327929             -             0             - 
    561   2235        0     0       tick    1429465628    2001801670    2001804630    1429465628      79815983 
    562   2235        0     1       tick    1408557874    1983133220             -             0             - 
    563   2235        0     0       tick    1021252718    2001116859    2001086706    1021252718      92657088 
    564   2235        0     1       tick     707687163    1998080227             -             0             - 
    565   2235        0     0       tick    1350078302    1970101001    1969989378    1350078302      83614914 
    566   2235        0     1       tick    1405097804    2002115102             -             0             - 
    567   2235        0     0       tick    1419094185    1978031374    1985955492    1419094185      82153681 
    568   2235        0     1       tick    1143821593    1998629675             -             0             - 
    569   2235        0     0       tick     678610921    1997068445    1997040510     678610921      20574844 
    570   2235        0     1       tick    1237907232    1970179616             -             0             - 
    571   2235        0     0       tick    1427110738    2002451361    2002515390    1427110738      79724920 
    572   2235        0     1       tick    1406688713    1999783390             -             0             - 
    573   2235        0     0       tick     999545283    2000639901    2000692806     999545283      85710631 
    574   2235        0     1       tick     710809054    1987474615             -             0             - 
    575   2235        0     0       tick    1371984605    1965531411    1972158660    1371984605      81332595 
    576   2235        0     1       tick    1433581361    2002063416             -             0             - 
    577   2235        0     0       tick    1415957383    2002416036    2002543566    1415957383      76966056 
    578   2235        0     1       tick    1100490490    1997652040             -             0             - 
    579   2235        0     0       tick     689167146    1997896276    1997892792     689167146      20550973 
    580   2235        0     1       tick    1267862836    1968809354             -             0             - 
    581   2235        0     0       tick    1440534696    2002190471    2002134174    1440534696      82982797 
    582   2235        0     1       tick    1428680497    2002591453             -             0             - 
    583   2235        0     0       tick    1213449099    1998972975    1998937200    1213449099     113346996 
    584   2235        0     1       tick     677441720    1997828738             -             0             - 
    585   2235        0     0       tick    1164786635    1969879498    1969941222    1164786635      61784026 
    586   2235        0     1       tick    1442514135    2002558662             -             0             - 
    587   2235        0     0       tick    1406235132    1979964284    1985840532    1406235132      77231055 
    588   2235        0     1       tick    1273053014    1983401851             -             0             - 
    589   2235        0     0       tick     677157194    2001132105    2001094020     677157194      20576190 
    590   2235        0     1       tick    1083931033    1965401834             -             0             - 
    591   2235        0     0       tick    1430727789    1985007827    1986395058    1430727789      82603301 
    592   2235        0     1       tick    1438076298    2002426615             -             0             - 
    593   2235        0     0       tick    1312112739    1998926122    1998909930    1312112739     103897549 
    594   2235        0     1       tick     768521810    2001052322             -             0             - 
    595   2235        0     0       tick     974825735    1965655306    1965602472     974825735      53520183 
    596   2235        0     1       tick    1429782650    2001890152             -             0             - 
    597   2235        0     0       tick    1440646552    2000746882    2000914506    1440646552      82986989 
    598   2235        0     1       tick    1331728064    1988711706             -             0             - 
    599   2235        0     0       tick     856415940    2000355617    2000393580     856415940      56713112 
    600   2235        0     1       tick     844682896    1941679668             -             0             - 
    601   2235        0     0       tick    1411169302    2002619267    2002707516    1411169302      75493356 
    602   2235        0     1       tick    1440923185    2002117342             -             0             - 
    603   2235        0     0       exit    1206401002    1680723680    1680732444    1206401002      68723239 
